0	1
0	2
0	3
0	4
0	5
0	6
0	7
0	8
0	9
0	10
0	11
0	12
0	13
0	14
0	15
0	16
0	17
0	18
0	19
0	20
0	21
0	22
0	23
0	24
0	25
0	26
0	27
0	28
0	29
0	30
0	31
0	32
0	33
0	34
0	35
0	36
0	37
0	38
0	39
0	40
0	41
0	42
0	43
0	44
0	45
0	46
0	47
0	48
0	49
0	50
0	51
0	52
0	53
0	54
0	55
0	56
0	57
0	58
0	59
0	60
0	61
0	64
0	65
0	67
0	68
0	69
0	70
0	71
0	72
0	73
0	74
0	75
0	76
0	77
0	78
0	79
0	80
0	81
0	82
0	83
0	84
0	85
0	86
0	87
0	88
0	89
0	90
0	91
0	92
0	93
0	94
0	95
0	96
0	97
0	98
0	99
0	100
0	101
0	102
0	103
0	104
0	105
0	106
0	107
0	108
0	109
0	110
0	111
0	112
0	113
0	114
0	115
0	116
0	117
0	118
0	119
0	120
0	121
0	122
0	123
0	124
0	125
0	126
0	127
0	130
0	131
0	132
0	133
0	134
0	135
0	136
0	137
0	138
0	139
0	140
0	141
0	142
0	143
0	144
0	145
0	146
0	147
0	148
0	150
0	151
0	152
0	155
0	156
0	157
0	160
0	161
0	162
0	165
0	166
0	168
0	170
0	171
0	172
0	173
0	174
0	175
0	177
0	178
0	179
0	180
0	181
0	182
0	183
0	184
0	185
0	186
0	187
0	188
0	189
0	191
0	194
0	195
0	196
0	197
0	198
0	199
0	200
0	201
0	202
0	203
0	204
0	205
1	2
1	3
1	4
1	5
1	6
1	7
1	8
1	9
1	10
1	11
1	12
1	13
1	15
1	16
1	17
1	18
1	19
1	20
1	21
1	22
1	23
1	24
1	25
1	26
1	27
1	28
1	29
1	30
1	31
1	32
1	33
1	34
1	35
1	36
1	37
1	38
1	39
1	40
1	41
1	42
1	43
1	44
1	45
1	46
1	47
1	51
1	52
1	53
1	54
1	55
1	58
1	67
1	69
1	70
1	71
1	72
1	74
1	77
1	78
1	79
1	82
1	85
1	90
1	91
1	93
1	94
1	95
1	96
1	97
1	98
1	99
1	100
1	101
1	102
1	103
1	104
1	105
1	106
1	107
1	108
1	109
1	110
1	111
1	112
1	113
1	114
1	115
1	116
1	117
1	118
1	119
1	120
1	121
1	122
1	123
1	124
1	130
1	132
1	134
1	137
1	142
1	143
1	155
1	156
1	160
1	161
1	166
1	167
1	170
1	172
1	173
1	174
1	178
1	179
1	180
1	184
1	186
1	187
1	188
1	189
1	191
1	195
1	196
1	197
1	198
1	199
1	200
1	202
1	204
1	205
2	3
2	4
2	5
2	6
2	7
2	8
2	9
2	10
2	11
2	12
2	13
2	14
2	15
2	16
2	17
2	18
2	19
2	20
2	21
2	22
2	23
2	24
2	26
2	27
2	28
2	29
2	30
2	31
2	32
2	33
2	34
2	35
2	36
2	37
2	39
2	40
2	42
2	43
2	45
2	47
2	49
2	50
2	51
2	52
2	53
2	54
2	55
2	56
2	57
2	58
2	61
2	62
2	67
2	69
2	70
2	71
2	72
2	73
2	74
2	77
2	78
2	79
2	82
2	83
2	84
2	85
2	86
2	87
2	88
2	90
2	92
2	93
2	95
2	96
2	97
2	98
2	99
2	100
2	101
2	103
2	104
2	105
2	106
2	107
2	108
2	109
2	110
2	111
2	112
2	113
2	114
2	115
2	116
2	117
2	118
2	119
2	120
2	121
2	122
2	123
2	124
2	127
2	129
2	132
2	133
2	135
2	137
2	138
2	140
2	141
2	142
2	146
2	147
2	148
2	149
2	155
2	156
2	161
2	165
2	166
2	167
2	168
2	169
2	171
2	172
2	173
2	174
2	175
2	177
2	178
2	179
2	181
2	182
2	184
2	185
2	186
2	187
2	188
2	191
2	192
2	193
2	195
2	196
2	197
2	198
2	199
2	200
2	201
2	202
2	203
2	204
2	205
3	4
3	5
3	6
3	7
3	8
3	9
3	10
3	11
3	12
3	13
3	14
3	15
3	16
3	18
3	19
3	20
3	21
3	22
3	23
3	24
3	25
3	26
3	27
3	28
3	29
3	30
3	31
3	32
3	33
3	34
3	35
3	36
3	37
3	38
3	40
3	42
3	43
3	44
3	45
3	47
3	51
3	53
3	54
3	55
3	58
3	61
3	65
3	67
3	72
3	73
3	78
3	85
3	89
3	95
3	96
3	97
3	98
3	99
3	100
3	101
3	102
3	103
3	104
3	105
3	107
3	108
3	110
3	111
3	113
3	114
3	115
3	117
3	118
3	124
3	125
3	126
3	131
3	170
3	171
3	172
3	178
3	182
3	195
3	196
3	205
4	5
4	6
4	7
4	8
4	9
4	10
4	11
4	12
4	13
4	15
4	19
4	20
4	21
4	22
4	23
4	24
4	25
4	26
4	27
4	28
4	29
4	30
4	31
4	32
4	33
4	34
4	35
4	36
4	38
4	39
4	41
4	42
4	43
4	44
4	45
4	46
4	47
4	50
4	53
4	54
4	63
4	67
4	71
4	75
4	96
4	97
4	98
4	99
4	102
4	105
4	106
4	107
4	116
4	118
4	168
4	172
4	204
4	205
5	6
5	7
5	8
5	9
5	10
5	11
5	12
5	13
5	14
5	15
5	16
5	17
5	18
5	19
5	20
5	21
5	22
5	23
5	24
5	25
5	26
5	27
5	28
5	29
5	32
5	33
5	34
5	35
5	36
5	39
5	42
5	44
5	45
5	47
5	48
5	49
5	50
5	51
5	52
5	53
5	54
5	55
5	56
5	57
5	58
5	59
5	62
5	63
5	65
5	66
5	69
5	70
5	71
5	72
5	75
5	77
5	78
5	79
5	80
5	81
5	82
5	85
5	86
5	90
5	91
5	93
5	95
5	96
5	97
5	98
5	99
5	100
5	101
5	102
5	103
5	104
5	105
5	106
5	107
5	108
5	109
5	110
5	111
5	112
5	113
5	114
5	115
5	116
5	117
5	118
5	119
5	120
5	121
5	122
5	123
5	125
5	127
5	129
5	130
5	134
5	135
5	138
5	140
5	141
5	143
5	144
5	146
5	147
5	155
5	157
5	161
5	162
5	166
5	167
5	168
5	169
5	170
5	171
5	172
5	173
5	174
5	176
5	177
5	178
5	182
5	184
5	185
5	187
5	190
5	191
5	193
5	195
5	196
5	197
5	198
5	199
5	200
5	201
5	202
5	203
5	204
5	205
6	7
6	8
6	9
6	10
6	11
6	12
6	13
6	14
6	15
6	16
6	17
6	18
6	19
6	21
6	22
6	24
6	25
6	26
6	27
6	29
6	30
6	31
6	32
6	33
6	34
6	35
6	40
6	42
6	45
6	46
6	47
6	50
6	51
6	53
6	54
6	55
6	56
6	58
6	67
6	69
6	70
6	71
6	72
6	76
6	79
6	91
6	95
6	96
6	97
6	98
6	99
6	100
6	101
6	102
6	103
6	104
6	105
6	106
6	107
6	108
6	109
6	110
6	111
6	113
6	114
6	115
6	116
6	117
6	118
6	119
6	120
6	123
6	126
6	127
6	129
6	133
6	135
6	137
6	140
6	141
6	144
6	155
6	157
6	166
6	168
6	173
6	174
6	175
6	176
6	180
6	182
6	183
6	184
6	185
6	186
6	187
6	188
6	190
6	191
6	194
6	195
6	196
6	197
6	198
6	199
6	200
6	201
6	202
6	203
6	204
7	8
7	9
7	10
7	11
7	12
7	13
7	14
7	15
7	16
7	17
7	18
7	19
7	20
7	21
7	22
7	23
7	24
7	25
7	26
7	27
7	29
7	30
7	31
7	32
7	33
7	34
7	35
7	38
7	40
7	42
7	44
7	45
7	46
7	47
7	50
7	51
7	52
7	53
7	54
7	55
7	56
7	58
7	61
7	66
7	69
7	70
7	72
7	73
7	74
7	76
7	78
7	80
7	83
7	91
7	95
7	96
7	97
7	98
7	99
7	100
7	101
7	103
7	104
7	105
7	106
7	107
7	108
7	109
7	111
7	113
7	114
7	115
7	116
7	117
7	118
7	119
7	120
7	121
7	122
7	124
7	125
7	126
7	127
7	129
7	131
7	132
7	133
7	135
7	137
7	142
7	143
7	144
7	149
7	159
7	160
7	162
7	164
7	166
7	168
7	172
7	173
7	176
7	178
7	179
7	182
7	184
7	186
7	187
7	188
7	190
7	192
7	195
7	196
7	198
7	199
7	200
7	202
7	203
7	204
7	205
8	9
8	10
8	11
8	12
8	13
8	15
8	17
8	18
8	19
8	20
8	21
8	23
8	24
8	26
8	27
8	29
8	30
8	32
8	35
8	41
8	44
8	47
8	50
8	67
8	95
8	96
8	97
8	98
8	99
8	100
8	101
8	102
8	103
8	105
8	106
8	107
8	112
8	113
8	116
8	123
8	124
8	131
8	169
8	175
8	177
8	178
8	180
8	189
8	197
8	198
8	199
8	203
8	204
8	205
9	10
9	11
9	12
9	13
9	14
9	15
9	16
9	17
9	18
9	19
9	20
9	21
9	22
9	23
9	24
9	25
9	26
9	27
9	30
9	31
9	32
9	33
9	35
9	38
9	39
9	40
9	42
9	45
9	47
9	50
9	51
9	53
9	54
9	55
9	56
9	57
9	58
9	61
9	65
9	70
9	74
9	75
9	78
9	79
9	83
9	87
9	90
9	94
9	95
9	96
9	97
9	98
9	99
9	100
9	101
9	102
9	103
9	104
9	105
9	106
9	107
9	108
9	110
9	111
9	113
9	114
9	115
9	117
9	118
9	120
9	122
9	124
9	128
9	129
9	130
9	147
9	170
9	172
9	173
9	175
9	176
9	177
9	178
9	180
9	182
9	186
9	197
9	201
9	202
9	203
9	204
9	205
10	11
10	12
10	13
10	14
10	15
10	16
10	18
10	19
10	20
10	21
10	22
10	23
10	24
10	25
10	26
10	27
10	28
10	29
10	30
10	31
10	32
10	33
10	34
10	35
10	36
10	39
10	40
10	41
10	42
10	43
10	44
10	45
10	46
10	51
10	55
10	57
10	61
10	63
10	70
10	71
10	75
10	76
10	77
10	78
10	79
10	95
10	96
10	97
10	98
10	99
10	100
10	101
10	102
10	103
10	104
10	105
10	106
10	107
10	108
10	109
10	111
10	113
10	116
10	117
10	118
10	119
10	120
10	121
10	122
10	123
10	130
10	143
10	172
10	173
10	175
10	179
10	180
10	187
10	189
10	190
10	193
10	195
10	196
10	198
10	199
10	200
10	201
10	202
10	203
10	204
11	13
11	14
11	15
11	18
11	19
11	20
11	21
11	22
11	23
11	24
11	26
11	27
11	28
11	31
11	32
11	33
11	36
11	45
11	47
11	50
11	51
11	53
11	55
11	58
11	63
11	68
11	72
11	75
11	79
11	95
11	96
11	97
11	98
11	99
11	100
11	101
11	104
11	105
11	106
11	107
11	108
11	109
11	110
11	111
11	113
11	116
11	117
11	118
11	122
11	128
11	138
11	149
11	160
11	161
11	180
11	189
11	191
11	197
11	199
11	203
11	204
12	13
12	14
12	15
12	16
12	17
12	18
12	19
12	24
12	34
12	36
12	46
12	51
12	53
12	57
12	62
12	67
12	69
12	75
12	77
12	78
12	79
12	80
12	92
12	96
12	97
12	98
12	102
12	103
12	106
12	107
12	108
12	110
12	113
12	114
12	115
12	116
12	117
12	119
12	120
12	122
12	124
12	130
12	169
12	171
12	174
12	175
12	177
12	180
12	181
12	184
12	186
12	187
12	188
12	190
12	192
12	193
12	196
12	197
12	198
12	199
12	200
12	203
12	204
13	14
13	15
13	16
13	17
13	18
13	19
13	20
13	21
13	24
13	26
13	27
13	28
13	30
13	32
13	34
13	38
13	53
13	54
13	57
13	64
13	71
13	95
13	96
13	99
13	101
13	103
13	104
13	105
13	106
13	107
13	108
13	110
13	113
13	115
13	122
13	123
13	147
13	159
13	170
13	175
13	176
13	177
13	184
13	197
13	204
14	15
14	17
14	18
14	20
14	82
14	103
14	109
14	110
14	111
14	113
14	115
14	116
14	120
14	121
14	127
14	129
14	131
14	196
14	197
14	204
15	17
15	18
15	19
15	20
15	24
15	30
15	71
15	72
15	101
15	102
15	103
15	104
15	105
15	107
15	116
15	120
15	123
15	180
15	183
15	187
15	195
15	196
16	17
16	18
16	19
16	20
16	21
16	30
16	45
16	49
16	51
16	52
16	54
16	71
16	74
16	77
16	95
16	99
16	101
16	102
16	103
16	106
16	107
16	108
16	109
16	111
16	112
16	113
16	114
16	118
16	122
16	126
16	131
16	137
16	154
16	159
16	165
16	168
16	174
16	179
16	180
16	184
16	185
16	193
16	194
16	195
16	196
16	197
16	198
16	199
16	200
16	204
16	205
17	18
17	21
17	32
17	34
17	48
17	50
17	51
17	52
17	53
17	54
17	55
17	58
17	63
17	65
17	67
17	71
17	72
17	77
17	78
17	79
17	85
17	87
17	93
17	96
17	97
17	99
17	100
17	103
17	104
17	105
17	106
17	108
17	109
17	111
17	112
17	113
17	115
17	116
17	117
17	118
17	119
17	120
17	121
17	122
17	123
17	126
17	129
17	130
17	132
17	134
17	135
17	137
17	142
17	146
17	147
17	157
17	167
17	173
17	174
17	175
17	179
17	180
17	181
17	182
17	185
17	186
17	187
17	191
17	194
17	195
17	196
17	197
17	198
17	199
17	200
17	201
17	202
17	203
17	204
17	205
18	19
18	31
18	32
18	39
18	43
18	51
18	95
18	96
18	97
18	103
18	105
18	106
18	107
18	117
18	123
18	178
18	180
18	185
18	193
18	197
18	199
18	203
18	204
18	205
19	20
19	21
19	22
19	24
19	25
19	27
19	29
19	30
19	31
19	47
19	53
19	74
19	75
19	78
19	82
19	102
19	105
19	107
19	108
19	113
19	122
19	125
19	130
19	184
19	188
19	189
19	198
19	199
19	201
19	202
19	204
19	205
20	21
20	22
20	23
20	24
20	25
20	26
20	27
20	28
20	29
20	30
20	31
20	32
20	33
20	34
20	35
20	36
20	38
20	39
20	42
20	45
20	46
20	51
20	54
20	56
20	89
20	95
20	96
20	97
20	99
20	100
20	101
20	102
20	103
20	104
20	105
20	106
20	107
20	108
20	113
20	115
20	116
20	120
20	123
20	131
20	132
20	145
20	171
20	176
20	182
20	201
20	204
20	205
21	22
21	23
21	24
21	25
21	26
21	27
21	28
21	29
21	30
21	31
21	32
21	33
21	34
21	35
21	36
21	37
21	38
21	39
21	42
21	45
21	47
21	86
21	98
21	100
21	103
21	104
21	105
21	117
21	204
22	23
22	24
22	25
22	26
22	27
22	28
22	29
22	30
22	31
22	32
22	33
22	34
22	35
22	36
22	37
22	38
22	39
22	40
22	41
22	42
22	43
22	44
22	45
22	46
22	47
22	48
22	49
22	51
22	54
22	55
22	57
22	61
22	67
22	68
22	72
22	73
22	75
22	78
22	79
22	83
22	84
22	85
22	87
22	88
22	92
22	95
22	96
22	97
22	98
22	99
22	100
22	101
22	102
22	103
22	104
22	105
22	106
22	107
22	108
22	110
22	115
22	117
22	123
22	124
22	129
22	131
22	133
22	143
22	147
22	159
22	168
22	171
22	172
22	174
22	175
22	178
22	181
22	182
22	183
22	195
22	196
22	197
22	200
22	201
22	205
23	24
23	25
23	26
23	27
23	28
23	29
23	30
23	31
23	32
23	33
23	34
23	35
23	36
23	37
23	38
23	39
23	40
23	41
23	42
23	43
23	45
23	46
23	47
23	48
23	50
23	51
23	53
23	54
23	55
23	57
23	67
23	68
23	71
23	82
23	83
23	95
23	96
23	97
23	98
23	99
23	100
23	101
23	102
23	103
23	104
23	105
23	106
23	107
23	108
23	111
23	115
23	116
23	119
23	121
23	123
23	124
23	137
23	152
23	170
23	172
23	174
23	178
23	183
23	196
23	197
24	25
24	26
24	27
24	28
24	29
24	30
24	31
24	32
24	33
24	34
24	35
24	36
24	37
24	38
24	39
24	42
24	43
24	45
24	47
24	54
24	58
24	75
24	91
24	95
24	96
24	97
24	98
24	99
24	102
24	103
24	104
24	105
24	106
24	107
24	115
24	127
24	137
24	157
24	169
24	193
24	201
25	26
25	27
25	28
25	29
25	30
25	31
25	32
25	33
25	34
25	35
25	36
25	37
25	38
25	40
25	41
25	42
25	43
25	44
25	45
25	47
25	54
25	55
25	67
25	79
25	96
25	97
25	100
25	102
25	105
25	107
25	111
25	115
25	181
25	193
25	200
26	27
26	28
26	29
26	30
26	31
26	32
26	33
26	34
26	35
26	36
26	37
26	38
26	39
26	40
26	42
26	43
26	45
26	47
26	51
26	52
26	54
26	55
26	67
26	73
26	75
26	76
26	79
26	91
26	94
26	96
26	97
26	99
26	100
26	104
26	105
26	107
26	116
26	147
26	159
26	168
26	172
26	183
26	202
27	28
27	29
27	30
27	31
27	32
27	33
27	34
27	35
27	36
27	37
27	38
27	39
27	41
27	42
27	43
27	45
27	47
27	54
27	55
27	56
27	67
27	80
27	99
27	102
27	103
27	104
27	107
27	117
27	118
27	195
27	205
28	29
28	30
28	31
28	32
28	33
28	34
28	35
28	36
28	38
28	39
28	40
28	42
28	43
28	45
28	47
28	73
28	95
28	97
28	103
28	104
28	171
28	172
29	30
29	31
29	32
29	33
29	34
29	35
29	36
29	37
29	38
29	39
29	42
29	43
29	45
29	47
29	55
29	80
29	92
29	107
29	115
29	117
29	201
30	31
30	32
30	33
30	34
30	35
30	36
30	38
30	39
30	41
30	42
30	43
30	45
30	54
30	78
30	97
30	99
30	107
30	118
30	143
30	181
30	195
30	204
31	32
31	33
31	34
31	35
31	36
31	37
31	38
31	39
31	42
31	43
31	45
31	47
31	52
31	54
31	73
31	82
31	96
31	102
31	106
31	107
31	112
31	127
31	169
32	33
32	34
32	35
32	36
32	38
32	39
32	42
32	43
32	44
32	45
32	47
32	51
32	54
32	56
32	67
32	85
32	92
32	96
32	97
32	98
32	99
32	100
32	101
32	102
32	105
32	106
32	107
32	108
32	110
32	113
32	115
32	116
32	117
32	134
32	172
32	183
32	184
32	193
32	195
33	34
33	35
33	36
33	37
33	38
33	39
33	40
33	41
33	42
33	43
33	44
33	45
33	46
33	47
33	48
33	50
33	51
33	52
33	54
33	58
33	59
33	60
33	61
33	65
33	67
33	69
33	70
33	72
33	76
33	81
33	88
33	89
33	95
33	96
33	97
33	99
33	100
33	102
33	103
33	104
33	105
33	106
33	107
33	108
33	109
33	110
33	112
33	124
33	127
33	129
33	136
33	140
33	141
33	170
33	171
33	172
33	174
33	178
33	179
33	181
33	182
33	183
33	188
33	191
33	196
33	205
34	35
34	36
34	37
34	38
34	39
34	40
34	42
34	43
34	44
34	45
34	47
34	54
34	57
34	60
34	65
34	67
34	69
34	83
34	86
34	88
34	89
34	95
34	96
34	97
34	99
34	100
34	101
34	102
34	103
34	104
34	105
34	106
34	107
34	170
34	180
34	182
34	190
35	36
35	37
35	38
35	39
35	42
35	43
35	45
35	46
35	47
35	54
35	57
35	65
35	90
35	92
35	95
35	96
35	98
35	99
35	100
35	102
35	105
35	141
35	172
35	197
35	201
36	37
36	38
36	39
36	40
36	41
36	42
36	43
36	45
36	47
36	51
36	96
36	97
36	99
36	100
36	102
36	103
36	105
36	117
36	136
36	157
36	203
37	38
37	39
37	42
37	45
37	95
37	96
37	99
37	102
37	103
37	107
37	189
37	192
38	39
38	40
38	42
38	44
38	45
38	46
38	47
38	65
38	68
38	95
38	96
38	97
38	99
38	100
38	104
38	107
38	128
38	185
38	190
38	202
39	42
39	45
39	100
39	101
39	102
40	41
40	42
40	43
40	44
40	45
40	46
40	47
40	96
40	99
40	102
40	103
40	130
41	42
41	43
41	44
41	45
41	47
41	99
41	102
41	103
41	130
42	43
42	44
42	45
42	46
42	47
42	51
42	67
42	83
42	96
42	99
42	100
42	102
42	103
42	107
42	130
42	205
43	44
43	45
43	46
43	47
43	96
43	97
43	99
43	102
43	105
43	108
43	130
43	168
43	170
43	176
44	45
44	47
44	92
44	107
44	130
45	46
45	47
45	96
45	99
45	100
45	102
45	104
45	105
45	107
45	111
45	130
45	143
45	189
46	47
46	130
46	177
46	197
47	54
47	55
47	87
47	96
47	99
47	100
47	102
47	104
47	105
47	106
47	126
47	130
47	157
47	162
47	172
47	177
47	187
47	205
48	49
48	50
48	51
48	52
48	53
48	54
48	55
48	56
48	57
48	58
48	59
48	60
48	61
48	62
48	63
48	64
48	65
48	66
48	67
48	68
48	69
48	70
48	71
48	72
48	73
48	74
48	75
48	76
48	77
48	78
48	79
48	80
48	81
48	82
48	83
48	84
48	85
48	86
48	87
48	88
48	89
48	90
48	91
48	92
48	93
48	94
48	95
48	96
48	97
48	98
48	99
48	100
48	101
48	102
48	103
48	104
48	105
48	106
48	107
48	108
48	109
48	110
48	111
48	112
48	113
48	114
48	115
48	116
48	117
48	118
48	119
48	120
48	121
48	122
48	123
48	124
48	125
48	126
48	127
48	128
48	129
48	130
48	131
48	132
48	135
48	136
48	137
48	138
48	139
48	140
48	141
48	142
48	143
48	144
48	145
48	146
48	147
48	148
48	149
48	150
48	151
48	152
48	153
48	154
48	155
48	156
48	159
48	160
48	161
48	162
48	165
48	166
48	167
48	168
48	169
48	170
48	171
48	172
48	173
48	174
48	175
48	176
48	177
48	178
48	179
48	180
48	181
48	182
48	183
48	184
48	185
48	186
48	187
48	188
48	189
48	190
48	191
48	192
48	193
48	194
48	195
48	196
48	197
48	198
48	199
48	200
48	201
48	202
48	203
48	204
48	205
49	50
49	51
49	52
49	53
49	54
49	55
49	56
49	57
49	58
49	59
49	60
49	61
49	62
49	63
49	64
49	65
49	66
49	67
49	69
49	70
49	71
49	72
49	73
49	74
49	75
49	76
49	77
49	78
49	79
49	80
49	83
49	84
49	86
49	87
49	88
49	89
49	90
49	91
49	92
49	93
49	94
49	95
49	96
49	97
49	98
49	99
49	100
49	101
49	102
49	103
49	104
49	105
49	106
49	107
49	108
49	109
49	110
49	111
49	112
49	113
49	114
49	115
49	117
49	119
49	120
49	121
49	122
49	123
49	124
49	125
49	126
49	128
49	129
49	130
49	131
49	132
49	133
49	135
49	136
49	138
49	140
49	142
49	143
49	145
49	156
49	158
49	165
49	168
49	171
49	172
49	177
49	180
49	182
49	185
49	186
49	189
49	191
49	192
49	196
49	198
49	200
49	201
49	202
49	203
49	204
49	205
50	51
50	52
50	53
50	54
50	55
50	56
50	57
50	58
50	59
50	60
50	61
50	62
50	63
50	64
50	65
50	66
50	67
50	68
50	69
50	70
50	71
50	72
50	73
50	74
50	75
50	76
50	77
50	78
50	79
50	80
50	83
50	87
50	88
50	89
50	90
50	92
50	93
50	94
50	95
50	96
50	98
50	100
50	101
50	102
50	103
50	104
50	105
50	106
50	108
50	109
50	110
50	111
50	112
50	113
50	114
50	115
50	116
50	117
50	118
50	119
50	120
50	121
50	122
50	123
50	124
50	125
50	129
50	141
50	142
50	146
50	170
50	174
50	178
50	179
50	183
50	184
50	185
50	186
50	189
50	193
50	195
50	196
50	197
50	198
50	199
50	200
50	201
50	202
50	205
51	52
51	53
51	54
51	55
51	56
51	57
51	58
51	59
51	60
51	61
51	62
51	63
51	64
51	65
51	67
51	68
51	69
51	70
51	71
51	72
51	73
51	74
51	75
51	76
51	77
51	78
51	79
51	80
51	81
51	82
51	83
51	84
51	85
51	86
51	87
51	88
51	89
51	90
51	91
51	93
51	94
51	95
51	96
51	97
51	98
51	99
51	100
51	101
51	102
51	103
51	104
51	105
51	106
51	107
51	108
51	109
51	110
51	111
51	113
51	114
51	115
51	116
51	117
51	118
51	119
51	120
51	122
51	123
51	124
51	125
51	126
51	129
51	131
51	132
51	133
51	134
51	135
51	136
51	140
51	142
51	143
51	145
51	157
51	159
51	162
51	165
51	166
51	167
51	168
51	169
51	172
51	173
51	174
51	177
51	178
51	179
51	186
51	188
51	189
51	190
51	191
51	192
51	193
51	195
51	196
51	199
51	200
51	202
51	203
51	204
51	205
52	53
52	54
52	55
52	56
52	57
52	58
52	59
52	60
52	61
52	62
52	63
52	67
52	69
52	70
52	71
52	72
52	73
52	75
52	76
52	77
52	78
52	79
52	80
52	85
52	86
52	87
52	89
52	90
52	91
52	92
52	95
52	98
52	100
52	104
52	107
52	108
52	110
52	111
52	112
52	115
52	118
52	119
52	120
52	121
52	122
52	125
52	126
52	129
52	130
52	142
52	145
52	147
52	175
52	177
52	181
52	188
52	189
52	193
52	195
52	196
52	197
52	202
53	54
53	55
53	56
53	57
53	58
53	59
53	60
53	61
53	62
53	63
53	64
53	65
53	66
53	67
53	69
53	70
53	71
53	72
53	73
53	74
53	75
53	76
53	77
53	78
53	79
53	80
53	87
53	89
53	90
53	92
53	93
53	94
53	95
53	96
53	97
53	98
53	99
53	100
53	101
53	102
53	103
53	104
53	105
53	106
53	107
53	108
53	109
53	110
53	111
53	112
53	113
53	116
53	118
53	119
53	120
53	122
53	123
53	127
53	128
53	135
53	143
53	144
53	146
53	152
53	159
53	160
53	166
53	167
53	169
53	170
53	171
53	174
53	178
53	179
53	187
53	191
53	192
53	196
53	197
53	199
54	55
54	56
54	57
54	58
54	59
54	60
54	62
54	63
54	64
54	67
54	69
54	70
54	71
54	73
54	74
54	77
54	78
54	80
54	81
54	82
54	95
54	96
54	97
54	98
54	99
54	100
54	101
54	102
54	103
54	104
54	105
54	106
54	107
54	108
54	109
54	110
54	112
54	113
54	115
54	116
54	117
54	120
54	122
54	123
54	125
54	160
54	161
54	169
54	172
54	181
54	183
54	199
54	202
54	205
55	56
55	57
55	58
55	59
55	60
55	61
55	62
55	63
55	64
55	65
55	67
55	69
55	70
55	71
55	72
55	73
55	74
55	75
55	76
55	77
55	78
55	79
55	80
55	85
55	87
55	89
55	90
55	93
55	94
55	95
55	96
55	97
55	98
55	99
55	100
55	101
55	102
55	103
55	104
55	105
55	106
55	107
55	108
55	109
55	110
55	111
55	112
55	113
55	114
55	115
55	117
55	118
55	120
55	123
55	125
55	126
55	127
55	131
55	133
55	135
55	136
55	138
55	144
55	159
55	161
55	171
55	172
55	173
55	178
55	182
55	183
55	184
55	185
55	186
55	189
55	190
55	195
55	199
55	202
56	57
56	58
56	59
56	62
56	63
56	67
56	69
56	70
56	71
56	72
56	73
56	74
56	76
56	77
56	78
56	79
56	83
56	86
56	87
56	90
56	91
56	93
56	94
56	95
56	96
56	97
56	98
56	99
56	100
56	101
56	103
56	104
56	107
56	108
56	109
56	111
56	112
56	117
56	122
56	123
56	124
56	125
56	126
56	127
56	129
56	130
56	132
56	136
56	154
56	169
56	183
56	186
56	194
56	197
56	198
56	202
56	203
57	58
57	59
57	62
57	63
57	67
57	69
57	70
57	71
57	72
57	73
57	76
57	77
57	78
57	79
57	80
57	86
57	90
57	91
57	92
57	94
57	95
57	98
57	100
57	101
57	104
57	107
57	110
57	111
57	112
57	115
57	117
57	119
57	121
57	123
57	124
57	131
57	132
57	136
57	138
57	180
57	187
58	59
58	60
58	61
58	62
58	63
58	64
58	65
58	67
58	69
58	71
58	72
58	73
58	74
58	77
58	78
58	79
58	80
58	86
58	88
58	93
58	95
58	96
58	97
58	98
58	99
58	100
58	101
58	102
58	103
58	104
58	105
58	108
58	109
58	115
58	118
58	120
58	122
58	123
58	124
58	130
58	186
58	187
58	197
58	198
58	199
59	60
59	61
59	62
59	63
59	64
59	65
59	66
59	67
59	68
59	69
59	70
59	71
59	72
59	73
59	74
59	75
59	76
59	77
59	78
59	79
59	80
59	81
59	82
59	83
59	84
59	85
59	86
59	87
59	88
59	89
59	90
59	91
59	92
59	93
59	94
59	95
59	97
59	98
59	99
59	100
59	101
59	103
59	104
59	105
59	106
59	108
59	109
59	110
59	112
59	113
59	114
59	115
59	116
59	117
59	118
59	119
59	120
59	121
59	122
59	123
59	124
59	125
59	126
59	127
59	129
59	131
59	132
59	133
59	135
59	136
59	137
59	138
59	139
59	140
59	141
59	142
59	144
59	145
59	146
59	147
59	162
59	165
59	172
59	174
59	175
59	178
59	179
59	181
59	182
59	183
59	185
59	188
59	189
59	190
59	191
59	192
59	194
59	195
59	197
59	198
59	199
59	200
59	202
59	203
59	204
59	205
60	61
60	62
60	63
60	64
60	65
60	66
60	67
60	68
60	69
60	70
60	71
60	72
60	73
60	74
60	75
60	76
60	77
60	78
60	79
60	80
60	82
60	85
60	87
60	88
60	89
60	90
60	92
60	93
60	94
60	95
60	97
60	98
60	100
60	102
60	103
60	104
60	105
60	108
60	111
60	113
60	116
60	117
60	118
60	119
60	120
60	121
60	122
60	124
60	127
60	130
60	131
60	132
60	136
60	138
60	139
60	142
60	143
60	146
60	151
60	157
60	159
60	160
60	165
60	168
60	171
60	175
60	177
60	179
60	181
60	182
60	184
60	185
60	186
60	187
60	188
60	190
60	196
60	197
60	198
60	199
60	200
60	205
61	62
61	63
61	64
61	65
61	66
61	67
61	68
61	69
61	70
61	73
61	74
61	75
61	77
61	78
61	79
61	82
61	83
61	86
61	87
61	88
61	92
61	94
61	97
61	98
61	99
61	100
61	101
61	103
61	105
61	120
61	124
61	125
61	126
61	127
61	131
61	132
61	137
61	138
61	143
61	145
61	146
61	148
61	149
61	159
61	160
61	165
61	173
61	174
61	175
61	178
61	183
61	184
61	187
61	189
61	190
61	191
61	192
61	193
62	63
62	64
62	65
62	66
62	67
62	68
62	69
62	70
62	71
62	72
62	73
62	74
62	76
62	78
62	79
62	80
62	85
62	86
62	87
62	92
62	93
62	94
62	98
62	101
62	102
62	104
62	108
62	110
62	111
62	113
62	114
62	115
62	116
62	118
62	119
62	120
62	121
62	122
62	123
62	127
62	129
62	132
62	138
62	139
62	140
62	142
62	143
62	145
62	146
62	169
62	170
62	182
62	185
62	187
62	189
62	193
62	196
62	197
62	198
62	199
62	202
62	205
63	64
63	65
63	66
63	67
63	68
63	70
63	76
63	77
63	78
63	79
63	80
63	82
63	88
63	94
63	98
63	180
63	186
63	199
64	65
64	66
64	67
64	68
64	70
64	74
64	78
64	82
64	83
64	87
64	92
64	93
64	94
64	104
64	110
64	120
64	123
64	126
64	129
64	132
64	136
64	137
64	143
64	146
64	171
64	177
64	178
64	179
64	182
64	183
64	185
64	189
64	191
65	66
65	67
65	68
65	69
65	70
65	71
65	74
65	76
65	78
65	79
65	80
65	82
65	83
65	84
65	85
65	86
65	87
65	88
65	89
65	90
65	91
65	92
65	93
65	94
65	98
65	100
65	105
65	107
65	109
65	110
65	111
65	113
65	114
65	119
65	120
65	122
65	125
65	127
65	129
65	130
65	131
65	133
65	135
65	136
65	137
65	138
65	139
65	142
65	143
65	145
65	146
65	147
65	152
65	153
65	154
65	156
65	157
65	162
65	164
65	165
65	166
65	167
65	169
65	174
65	176
65	184
65	188
65	189
65	191
65	195
65	197
65	200
65	203
66	67
66	68
66	69
66	70
66	72
66	75
66	76
66	78
66	80
66	85
66	86
66	88
66	90
66	92
66	93
66	94
66	110
66	120
66	125
66	126
66	136
66	142
66	146
66	174
66	192
66	193
66	201
67	68
67	82
67	85
67	102
67	103
67	134
67	152
67	157
67	169
67	170
67	189
68	76
68	83
68	86
68	87
68	91
68	92
68	93
68	154
68	159
68	161
68	187
68	193
68	195
68	199
69	70
69	71
69	72
69	73
69	74
69	75
69	76
69	77
69	78
69	79
69	80
69	81
69	82
69	83
69	84
69	85
69	86
69	87
69	88
69	89
69	90
69	91
69	92
69	93
69	94
69	95
69	98
69	99
69	100
69	101
69	104
69	105
69	107
69	108
69	109
69	110
69	111
69	112
69	114
69	115
69	116
69	117
69	118
69	119
69	120
69	121
69	122
69	123
69	124
69	126
69	127
69	130
69	131
69	132
69	133
69	135
69	140
69	141
69	142
69	144
69	145
69	149
69	154
69	156
69	157
69	162
69	164
69	167
69	169
69	171
69	172
69	174
69	179
69	180
69	181
69	189
69	191
69	192
69	193
69	195
69	196
69	198
69	199
70	71
70	72
70	73
70	74
70	75
70	76
70	77
70	78
70	79
70	80
70	82
70	87
70	88
70	90
70	92
70	93
70	94
70	95
70	96
70	98
70	104
70	106
70	110
70	112
70	119
70	121
70	125
70	128
70	132
70	134
70	137
70	138
70	144
70	145
70	147
70	149
70	156
70	159
70	165
70	169
70	170
70	175
70	181
70	186
70	194
70	199
71	72
71	73
71	74
71	76
71	77
71	78
71	79
71	80
71	81
71	83
71	84
71	85
71	86
71	90
71	92
71	95
71	97
71	98
71	99
71	100
71	101
71	103
71	104
71	111
71	117
71	118
71	119
71	120
71	122
71	130
71	142
71	143
71	149
71	152
71	165
72	73
72	74
72	75
72	76
72	77
72	78
72	79
72	80
72	81
72	83
72	84
72	85
72	88
72	93
72	94
72	95
72	101
72	102
72	103
72	104
72	108
72	118
72	120
72	121
72	122
72	123
72	125
72	129
72	130
72	133
72	146
72	152
72	171
72	183
72	192
73	74
73	75
73	76
73	77
73	78
73	79
73	80
73	86
73	87
73	88
73	89
73	92
73	103
73	107
73	110
73	121
73	155
73	165
73	184
73	185
74	75
74	76
74	77
74	78
74	79
74	93
74	94
74	98
74	101
74	108
74	110
74	116
74	117
74	120
74	122
74	126
74	132
74	134
74	157
74	187
74	200
75	76
75	77
75	78
75	80
75	82
75	86
75	88
75	89
75	90
75	91
75	99
75	132
75	133
75	138
75	145
75	160
75	166
75	167
75	200
76	77
76	78
76	79
76	80
76	81
76	82
76	83
76	84
76	85
76	86
76	87
76	88
76	89
76	90
76	92
76	93
76	94
76	95
76	96
76	97
76	98
76	101
76	102
76	104
76	108
76	109
76	113
76	114
76	116
76	117
76	121
76	124
76	125
76	128
76	130
76	131
76	132
76	135
76	136
76	137
76	138
76	139
76	143
76	145
76	146
76	147
76	148
76	149
76	150
76	153
76	155
76	157
76	158
76	163
76	164
76	166
76	168
76	171
76	180
76	184
76	185
76	188
76	189
76	191
76	194
76	196
76	203
77	78
77	79
77	80
77	82
77	86
77	92
77	94
77	98
77	99
77	100
77	104
77	111
77	117
77	120
77	122
77	126
77	127
77	129
77	132
77	140
77	146
77	157
77	189
77	196
77	199
77	204
78	79
78	80
78	81
78	82
78	83
78	84
78	85
78	88
78	90
78	91
78	92
78	93
78	94
78	95
78	96
78	97
78	98
78	99
78	100
78	101
78	102
78	103
78	104
78	105
78	106
78	107
78	108
78	109
78	110
78	112
78	114
78	115
78	117
78	118
78	119
78	120
78	121
78	122
78	123
78	125
78	130
78	131
78	132
78	135
78	136
78	137
78	139
78	140
78	141
78	142
78	144
78	145
78	150
78	151
78	152
78	154
78	158
78	160
78	163
78	165
78	166
78	167
78	168
78	171
78	184
78	185
78	189
78	198
78	199
78	200
78	203
78	204
79	80
79	81
79	82
79	83
79	84
79	88
79	90
79	93
79	94
79	95
79	96
79	97
79	98
79	99
79	100
79	101
79	102
79	103
79	104
79	105
79	106
79	108
79	109
79	110
79	111
79	113
79	115
79	117
79	118
79	120
79	121
79	122
79	125
79	127
79	130
79	132
79	133
79	141
79	142
79	143
79	149
79	152
79	153
79	155
79	159
79	160
79	165
79	170
79	171
79	179
79	180
79	183
79	185
79	186
79	187
79	198
79	203
79	204
80	84
80	87
80	90
80	94
80	98
80	124
80	125
80	177
80	179
81	82
81	83
81	84
81	85
81	86
81	87
81	88
81	89
81	90
81	92
81	93
81	94
81	105
81	108
81	109
81	110
81	111
81	112
81	113
81	114
81	115
81	116
81	118
81	119
81	122
81	123
81	124
81	127
81	130
81	131
81	132
81	133
81	135
81	136
81	140
81	141
81	142
81	145
81	146
81	147
81	152
81	159
81	160
81	161
81	165
81	168
81	169
81	172
81	173
81	175
81	177
81	178
81	179
81	180
81	181
81	184
81	185
81	187
81	188
81	189
81	190
81	191
81	200
81	202
81	204
81	205
82	83
82	84
82	85
82	86
82	87
82	88
82	92
82	94
82	95
82	96
82	98
82	102
82	103
82	105
82	106
82	108
82	120
82	138
82	140
82	141
82	142
82	144
82	148
82	151
82	152
82	153
82	156
82	158
82	159
82	160
82	161
82	162
82	163
82	164
82	166
82	170
82	172
82	174
82	177
82	178
82	183
82	184
82	185
82	186
82	187
82	188
82	189
82	190
82	191
82	192
82	198
82	199
82	200
82	202
82	203
82	204
82	205
83	84
83	85
83	86
83	87
83	88
83	90
83	93
83	94
83	120
83	132
83	134
83	139
83	144
83	147
83	150
83	151
83	152
83	156
83	158
83	159
83	160
83	161
83	163
83	165
83	169
83	175
83	182
84	85
84	86
84	87
84	88
84	89
84	90
84	91
84	93
84	94
84	95
84	96
84	97
84	99
84	101
84	102
84	104
84	105
84	106
84	108
84	109
84	111
84	112
84	118
84	119
84	120
84	121
84	122
84	123
84	124
84	132
84	135
84	136
84	137
84	138
84	139
84	140
84	141
84	143
84	144
84	145
84	146
84	147
84	148
84	149
84	150
84	151
84	152
84	153
84	154
84	155
84	158
84	159
84	160
84	161
84	162
84	163
84	164
84	165
84	166
84	167
84	169
84	170
84	171
84	172
84	173
84	174
84	176
84	177
84	178
84	179
84	180
84	181
84	183
84	184
84	186
84	187
84	188
84	189
84	190
84	191
84	192
84	193
84	196
84	200
84	203
84	204
85	86
85	87
85	88
85	90
85	92
85	93
85	102
85	111
85	118
85	121
85	126
85	131
85	139
85	142
85	145
85	148
85	150
85	151
85	152
85	153
85	155
85	156
85	158
85	159
85	160
85	161
85	162
85	163
85	164
85	165
85	166
85	181
85	192
86	87
86	88
86	92
86	93
86	94
86	100
86	116
86	124
86	141
86	148
86	149
86	150
86	151
86	152
86	159
86	160
86	164
86	165
86	168
86	172
87	92
87	94
87	98
87	104
87	135
87	137
87	139
87	141
87	142
87	144
87	145
87	147
87	148
87	150
87	152
87	153
87	155
87	158
87	159
87	160
87	161
87	162
87	163
87	164
87	165
87	166
87	167
87	169
87	170
87	172
87	179
87	189
87	191
87	197
88	89
88	90
88	91
88	92
88	93
88	94
88	95
88	98
88	99
88	104
88	108
88	109
88	115
88	119
88	121
88	123
88	124
88	125
88	126
88	129
88	130
88	132
88	133
88	134
88	135
88	136
88	137
88	138
88	139
88	140
88	141
88	143
88	144
88	145
88	146
88	147
88	148
88	149
88	150
88	151
88	152
88	153
88	154
88	155
88	156
88	158
88	159
88	161
88	162
88	163
88	164
88	165
88	166
88	167
88	168
88	170
88	171
88	172
88	173
88	175
88	177
88	178
88	181
88	183
88	184
88	187
88	188
88	189
88	191
88	192
88	193
88	196
88	199
88	200
88	203
88	205
89	90
89	91
89	92
89	93
89	94
89	112
89	129
89	134
89	135
89	136
89	137
89	138
89	139
89	140
89	141
89	143
89	144
89	145
89	147
89	148
89	149
89	150
89	151
89	152
89	153
89	154
89	158
89	159
89	162
89	163
89	164
89	165
89	169
89	189
89	192
90	91
90	92
90	93
90	94
90	95
90	98
90	104
90	108
90	124
90	125
90	126
90	127
90	128
90	129
90	130
90	131
90	132
90	133
90	135
90	136
90	137
90	138
90	139
90	140
90	141
90	142
90	143
90	144
90	145
90	146
90	147
90	148
90	149
90	150
90	151
90	152
90	153
90	154
90	155
90	158
90	159
90	160
90	162
90	163
90	164
90	165
90	166
90	167
90	170
90	171
90	173
90	176
90	177
90	185
90	186
90	191
90	199
91	92
91	93
91	128
91	130
91	135
91	136
91	137
91	139
91	150
91	156
91	169
91	170
91	205
92	93
92	94
92	101
92	134
92	136
92	142
92	143
92	147
92	156
92	157
92	159
92	171
92	199
93	94
93	95
93	97
93	101
93	108
93	110
93	116
93	118
93	120
93	122
93	126
93	129
93	131
93	132
93	134
93	135
93	136
93	138
93	139
93	140
93	143
93	144
93	145
93	146
93	148
93	149
93	150
93	151
93	152
93	153
93	154
93	155
93	156
93	157
93	158
93	159
93	160
93	161
93	162
93	163
93	164
93	165
93	166
93	167
93	168
93	171
93	177
93	183
93	188
93	190
93	191
93	192
93	197
94	105
94	108
94	118
94	121
94	122
94	124
94	125
94	132
94	134
94	135
94	136
94	137
94	138
94	139
94	140
94	141
94	143
94	145
94	146
94	148
94	150
94	151
94	152
94	153
94	154
94	158
94	159
94	160
94	162
94	163
94	164
94	165
94	167
94	168
94	171
94	173
94	174
94	175
94	178
94	179
94	184
94	189
94	191
94	192
94	197
95	96
95	97
95	98
95	99
95	100
95	101
95	102
95	103
95	104
95	105
95	106
95	107
95	108
95	109
95	110
95	112
95	113
95	114
95	115
95	116
95	117
95	118
95	119
95	120
95	121
95	122
95	124
95	132
95	139
95	141
95	146
95	147
95	154
95	156
95	159
95	166
95	168
95	174
95	178
95	179
95	181
95	182
95	183
95	184
95	187
95	188
95	195
95	196
95	198
95	201
95	202
95	205
96	97
96	98
96	99
96	100
96	101
96	102
96	103
96	104
96	105
96	106
96	107
96	108
96	109
96	110
96	111
96	112
96	113
96	114
96	115
96	116
96	117
96	118
96	119
96	120
96	121
96	123
96	124
96	127
96	128
96	130
96	131
96	134
96	135
96	136
96	137
96	143
96	146
96	160
96	166
96	170
96	172
96	174
96	177
96	179
96	181
96	184
96	186
96	187
96	196
96	197
96	200
96	201
96	202
96	203
96	204
97	98
97	99
97	100
97	101
97	102
97	103
97	104
97	105
97	106
97	107
97	108
97	109
97	110
97	111
97	117
97	118
97	120
97	123
97	125
97	134
97	140
97	143
97	147
97	169
97	181
97	183
97	195
97	196
97	197
97	200
97	205
98	99
98	100
98	101
98	102
98	103
98	104
98	105
98	106
98	107
98	108
98	109
98	110
98	111
98	112
98	113
98	114
98	115
98	117
98	118
98	120
98	124
98	127
98	132
98	133
98	135
98	141
98	147
98	180
98	186
98	188
98	192
98	196
98	200
98	202
98	203
99	100
99	101
99	102
99	103
99	104
99	105
99	106
99	107
99	108
99	109
99	111
99	112
99	113
99	115
99	120
99	122
99	123
99	124
99	126
99	133
99	146
99	172
99	180
99	182
99	201
99	202
100	101
100	102
100	103
100	104
100	105
100	106
100	107
100	108
100	109
100	110
100	111
100	112
100	113
100	114
100	115
100	116
100	117
100	118
100	119
100	120
100	121
100	122
100	123
100	124
100	126
100	127
100	131
100	132
100	134
100	135
100	143
100	146
100	150
100	155
100	159
100	169
100	170
100	171
100	172
100	174
100	176
100	181
100	183
100	186
100	187
100	191
100	193
100	195
100	197
100	198
100	200
100	201
100	202
100	203
100	204
100	205
101	102
101	103
101	104
101	105
101	106
101	107
101	108
101	109
101	110
101	111
101	112
101	113
101	114
101	115
101	116
101	117
101	118
101	119
101	120
101	121
101	122
101	123
101	124
101	125
101	127
101	129
101	131
101	132
101	134
101	135
101	136
101	141
101	143
101	144
101	146
101	147
101	159
101	160
101	166
101	167
101	168
101	169
101	172
101	174
101	175
101	183
101	184
101	186
101	188
101	189
101	195
101	196
101	198
101	200
101	202
101	203
101	204
102	103
102	104
102	105
102	106
102	107
102	108
102	117
102	178
102	193
102	195
103	104
103	105
103	106
103	107
103	108
103	110
103	113
103	114
103	115
103	116
103	117
103	118
103	122
103	172
103	186
104	105
104	106
104	107
104	108
104	109
104	110
104	111
104	112
104	113
104	114
104	115
104	116
104	117
104	118
104	119
104	120
104	122
104	123
104	129
104	130
104	131
104	135
104	136
104	138
104	140
104	141
104	142
104	143
104	144
104	152
104	156
104	157
104	159
104	160
104	165
104	167
104	170
104	172
104	173
104	174
104	178
104	183
104	185
104	186
104	187
104	188
104	193
104	194
104	195
104	197
104	198
104	199
104	200
104	201
104	203
104	205
105	106
105	107
105	108
105	109
105	110
105	112
105	113
105	115
105	117
105	120
105	121
105	123
105	124
105	126
105	127
105	132
105	140
105	141
105	147
105	149
105	154
105	156
105	159
105	165
105	166
105	168
105	179
105	182
105	189
105	195
105	199
105	200
105	204
105	205
106	107
106	108
106	109
106	110
106	111
106	112
106	113
106	114
106	115
106	116
106	117
106	119
106	120
106	121
106	122
106	123
106	124
106	126
106	129
106	132
106	135
106	142
106	143
106	153
106	160
106	167
106	171
106	174
106	179
106	185
106	186
106	198
106	203
106	204
106	205
107	108
107	109
107	113
107	116
107	117
107	123
107	132
107	156
107	166
107	167
107	170
107	176
107	193
108	109
108	110
108	111
108	112
108	113
108	114
108	115
108	116
108	117
108	118
108	119
108	120
108	121
108	122
108	123
108	124
108	129
108	131
108	132
108	135
108	137
108	138
108	141
108	143
108	144
108	149
108	150
108	151
108	152
108	153
108	154
108	155
108	156
108	158
108	161
108	162
108	163
108	166
108	167
108	168
108	169
108	174
108	178
108	179
108	180
108	183
108	184
108	186
108	187
108	188
108	192
108	193
108	195
108	196
108	197
108	198
108	199
108	200
108	203
108	204
108	205
109	110
109	111
109	112
109	113
109	114
109	115
109	116
109	117
109	118
109	119
109	120
109	121
109	122
109	123
109	124
109	125
109	126
109	128
109	129
109	130
109	131
109	132
109	133
109	135
109	137
109	138
109	139
109	140
109	141
109	142
109	143
109	144
109	145
109	146
109	147
109	148
109	149
109	150
109	151
109	153
109	155
109	164
109	166
109	167
109	170
109	171
109	172
109	173
109	174
109	179
109	180
109	181
109	183
109	185
109	186
109	187
109	188
109	190
109	191
109	192
109	193
109	194
109	195
109	196
109	197
109	198
109	199
109	200
109	202
109	203
110	111
110	112
110	113
110	114
110	115
110	116
110	117
110	118
110	119
110	120
110	121
110	122
110	123
110	127
110	129
110	131
110	134
110	135
110	138
110	140
110	142
110	143
110	148
110	149
110	150
110	152
110	153
110	157
110	158
110	164
110	167
110	172
110	175
110	180
110	181
110	185
110	186
110	190
110	192
110	194
110	195
110	196
110	197
110	199
110	200
110	202
110	203
110	205
111	112
111	113
111	114
111	115
111	116
111	117
111	118
111	119
111	120
111	121
111	122
111	123
111	126
111	129
111	134
111	136
111	137
111	138
111	140
111	141
111	142
111	146
111	150
111	158
111	162
111	164
111	169
111	171
111	173
111	174
111	175
111	176
111	177
111	180
111	185
111	186
111	190
111	193
111	195
111	196
111	197
111	198
111	199
111	200
111	202
111	203
112	113
112	114
112	115
112	116
112	117
112	118
112	119
112	120
112	121
112	122
112	123
112	124
112	125
112	126
112	127
112	129
112	130
112	132
112	134
112	136
112	137
112	138
112	140
112	144
112	147
112	149
112	153
112	158
112	163
112	164
112	167
112	171
112	180
112	181
112	186
112	187
112	190
112	197
112	203
112	205
113	114
113	115
113	116
113	117
113	118
113	119
113	120
113	121
113	122
113	123
113	124
113	127
113	130
113	131
113	135
113	141
113	147
113	149
113	157
113	162
113	165
113	169
113	176
113	178
113	192
113	195
113	198
114	115
114	116
114	117
114	118
114	119
114	120
114	122
114	131
114	134
114	156
114	186
114	198
114	205
115	116
115	117
115	118
115	119
115	120
115	121
115	122
115	123
115	124
115	125
115	128
115	133
115	134
115	135
115	136
115	137
115	138
115	139
115	140
115	141
115	142
115	144
115	147
115	149
115	152
115	155
115	157
115	160
115	162
115	165
115	167
115	169
115	170
115	171
115	173
115	174
115	175
115	176
115	179
115	180
115	183
115	185
115	186
115	189
115	196
115	197
115	199
115	200
115	202
115	203
115	204
116	118
116	119
116	120
116	121
116	122
116	123
116	125
116	126
116	129
116	130
116	131
116	132
116	133
116	134
116	137
116	140
116	142
116	145
116	171
116	180
116	189
116	190
116	192
116	193
116	195
116	196
116	198
116	200
116	201
116	202
116	203
116	205
117	118
117	119
117	120
117	122
117	123
117	125
117	132
117	140
117	168
117	170
117	183
117	186
117	195
117	197
117	198
118	119
118	120
118	121
118	122
118	123
118	127
118	129
118	134
118	138
118	140
118	144
118	146
118	148
118	149
118	153
118	154
118	157
118	162
118	163
118	164
118	166
118	183
118	184
118	187
118	189
118	190
118	195
118	200
118	202
118	203
118	204
119	120
119	121
119	122
119	123
119	124
119	125
119	126
119	127
119	128
119	129
119	130
119	131
119	132
119	133
119	134
119	135
119	136
119	137
119	138
119	139
119	140
119	141
119	142
119	143
119	144
119	145
119	147
119	148
119	149
119	150
119	151
119	152
119	153
119	154
119	158
119	159
119	160
119	161
119	162
119	163
119	164
119	165
119	167
119	171
119	172
119	173
119	174
119	176
119	177
119	178
119	179
119	180
119	182
119	183
119	185
119	186
119	188
119	190
119	191
119	192
119	195
119	196
119	197
119	198
119	199
119	200
119	201
119	202
119	203
119	204
120	121
120	122
120	123
120	124
120	125
120	126
120	127
120	129
120	130
120	134
120	136
120	137
120	138
120	139
120	140
120	141
120	142
120	143
120	145
120	146
120	147
120	150
120	152
120	154
120	157
120	158
120	160
120	162
120	163
120	167
120	168
120	171
120	179
120	181
120	182
120	184
120	188
120	191
120	193
120	195
120	196
120	199
120	200
120	202
120	203
121	122
121	123
121	124
121	125
121	126
121	128
121	129
121	130
121	132
121	133
121	134
121	135
121	137
121	138
121	140
121	141
121	142
121	143
121	144
121	146
121	147
121	148
121	149
121	150
121	151
121	152
121	153
121	154
121	155
121	157
121	158
121	159
121	160
121	161
121	162
121	163
121	164
121	168
121	169
121	174
121	175
121	180
121	184
121	185
121	186
121	187
121	188
121	195
121	203
122	123
122	124
122	125
122	127
122	129
122	131
122	132
122	135
122	136
122	138
122	140
122	141
122	142
122	144
122	146
122	148
122	149
122	150
122	151
122	152
122	153
122	154
122	158
122	159
122	160
122	162
122	163
122	164
122	165
122	166
122	168
122	171
122	178
122	180
122	184
122	186
122	187
122	189
122	192
122	194
122	196
122	197
122	199
122	200
122	202
122	203
122	204
123	124
123	125
123	126
123	127
123	130
123	132
123	133
123	134
123	135
123	136
123	138
123	140
123	142
123	144
123	147
123	148
123	149
123	150
123	151
123	153
123	154
123	156
123	158
123	159
123	161
123	163
123	164
123	165
123	168
123	172
123	182
123	185
123	186
123	187
123	193
123	195
123	199
123	202
123	203
123	204
124	125
124	126
124	127
124	128
124	129
124	130
124	131
124	132
124	133
124	134
124	135
124	136
124	137
124	138
124	140
124	141
124	170
124	173
124	177
124	181
124	182
124	190
125	126
125	127
125	128
125	129
125	130
125	131
125	132
125	133
125	134
125	137
125	149
125	152
125	178
125	202
126	127
126	129
126	130
126	131
126	132
126	133
126	142
126	147
126	175
126	176
126	177
126	178
126	179
126	180
126	181
126	182
126	183
126	184
126	186
126	187
126	195
126	198
126	199
126	202
127	128
127	129
127	130
127	131
127	132
127	133
127	134
127	140
127	141
127	142
127	149
127	166
127	173
127	176
127	177
127	180
127	182
127	185
127	187
128	130
128	132
128	133
128	134
128	182
129	130
129	131
129	132
129	133
129	134
129	156
130	131
130	132
130	133
130	134
130	170
131	132
131	133
131	134
131	135
131	136
131	138
131	139
131	140
131	141
131	143
131	145
131	147
131	157
131	159
131	162
131	169
131	170
131	175
131	179
131	184
132	133
132	134
132	135
132	136
132	141
132	142
132	147
132	149
132	150
132	158
132	159
132	161
132	162
132	163
132	164
132	166
132	177
132	178
132	181
132	182
133	134
133	135
133	136
133	140
133	149
135	136
135	137
135	138
135	139
135	140
135	141
135	142
135	143
135	144
135	145
135	146
135	147
135	148
135	149
135	150
135	151
135	152
135	153
135	154
135	155
135	156
135	157
135	158
135	159
135	160
135	161
135	162
135	163
135	164
135	165
135	166
135	167
135	168
135	169
135	170
135	171
135	172
135	173
135	174
135	175
135	178
135	179
135	180
135	181
135	182
135	183
135	184
135	188
135	189
135	190
135	191
135	192
135	193
135	195
135	196
135	198
135	199
135	200
135	201
135	202
135	203
135	204
135	205
136	137
136	138
136	139
136	140
136	141
136	142
136	143
136	144
136	145
136	146
136	147
136	148
136	149
136	150
136	151
136	152
136	153
136	154
136	156
136	158
136	159
136	160
136	162
136	163
136	164
136	165
136	166
136	167
136	168
136	169
136	172
136	173
136	177
136	184
136	185
136	187
136	188
136	191
136	192
136	195
137	138
137	139
137	140
137	141
137	142
137	143
137	144
137	145
137	146
137	147
137	148
137	149
137	150
137	151
137	152
137	153
137	154
137	155
137	158
137	160
137	161
137	162
137	163
137	164
137	165
137	166
137	167
137	169
137	170
137	172
137	205
138	139
138	140
138	141
138	142
138	143
138	144
138	145
138	146
138	147
138	148
138	149
138	150
138	151
138	152
138	153
138	154
138	155
138	156
138	157
138	158
138	159
138	160
138	161
138	162
138	163
138	164
138	165
138	166
138	167
138	168
138	169
138	170
138	171
138	172
138	173
138	174
138	177
138	180
138	182
138	185
138	187
138	188
138	190
138	191
138	192
138	195
138	199
139	140
139	141
139	142
139	143
139	144
139	145
139	146
139	147
139	148
139	149
139	150
139	151
139	152
139	153
139	154
139	155
139	156
139	157
139	158
139	159
139	160
139	161
139	162
139	163
139	164
139	165
139	166
139	167
139	168
139	169
139	171
139	172
139	173
139	174
139	175
139	176
139	177
139	178
139	183
139	184
139	185
139	187
139	188
139	189
139	190
139	191
139	192
139	193
139	198
139	199
139	200
139	202
139	203
139	204
140	141
140	142
140	143
140	144
140	145
140	146
140	147
140	148
140	149
140	150
140	151
140	152
140	153
140	154
140	155
140	156
140	157
140	158
140	159
140	160
140	161
140	162
140	163
140	164
140	165
140	166
140	167
140	168
140	169
140	170
140	172
140	173
140	174
140	175
140	176
140	177
140	181
140	184
140	188
140	190
140	191
140	199
141	142
141	143
141	144
141	145
141	146
141	147
141	148
141	149
141	150
141	151
141	152
141	153
141	154
141	155
141	156
141	157
141	158
141	159
141	160
141	161
141	162
141	163
141	164
141	165
141	166
141	167
141	168
141	169
141	170
141	171
141	172
141	173
141	174
141	176
141	177
141	178
141	179
141	180
141	183
141	186
141	188
141	190
141	191
141	193
141	199
141	204
142	143
142	144
142	145
142	146
142	147
142	148
142	149
142	150
142	151
142	152
142	153
142	154
142	157
142	158
142	160
142	161
142	162
142	163
142	164
142	167
142	169
142	182
143	144
143	145
143	146
143	147
143	148
143	149
143	150
143	151
143	152
143	153
143	154
143	155
143	156
143	157
143	158
143	159
143	160
143	161
143	162
143	163
143	164
143	165
143	166
143	167
143	168
143	169
143	170
143	171
143	172
143	173
143	175
143	177
143	180
143	182
143	188
143	189
143	190
143	192
144	145
144	146
144	147
144	148
144	149
144	150
144	151
144	152
144	153
144	154
144	155
144	156
144	157
144	158
144	159
144	160
144	161
144	162
144	163
144	164
144	165
144	166
144	167
144	168
144	170
144	171
144	172
144	173
144	177
144	179
144	180
144	182
144	188
144	189
144	191
144	192
144	198
145	146
145	147
145	148
145	149
145	150
145	151
145	152
145	153
145	154
145	155
145	156
145	157
145	158
145	159
145	160
145	161
145	162
145	163
145	164
145	165
145	166
145	167
145	168
145	169
145	170
145	171
145	172
145	175
145	177
145	178
145	179
145	182
145	183
145	184
145	185
145	186
145	188
145	191
145	193
145	197
146	147
146	148
146	149
146	150
146	151
146	152
146	153
146	154
146	155
146	156
146	157
146	158
146	160
146	161
146	162
146	163
146	164
146	165
146	166
146	167
146	168
146	172
146	173
146	175
146	180
146	181
146	182
146	183
146	185
146	186
146	188
146	190
146	191
146	192
146	193
146	195
146	198
147	148
147	149
147	150
147	151
147	152
147	153
147	154
147	155
147	156
147	157
147	158
147	159
147	160
147	161
147	162
147	163
147	164
147	166
147	167
147	168
147	169
147	170
147	171
147	172
147	173
147	174
147	175
147	176
147	177
147	179
147	182
147	183
147	188
147	189
147	190
147	191
147	192
147	193
147	196
147	203
148	149
148	150
148	151
148	152
148	153
148	154
148	155
148	156
148	157
148	158
148	159
148	160
148	161
148	162
148	163
148	164
148	165
148	166
148	167
148	168
148	169
148	170
148	171
148	172
148	173
148	174
148	175
148	176
148	177
148	179
148	180
148	181
148	182
148	183
148	184
148	185
148	186
148	187
148	188
148	189
148	190
148	191
148	192
148	195
148	196
148	197
148	198
148	199
148	200
148	201
148	202
148	203
148	205
149	150
149	151
149	152
149	153
149	154
149	155
149	156
149	157
149	158
149	159
149	160
149	161
149	162
149	163
149	164
149	165
149	166
149	168
149	170
149	175
149	177
149	180
150	151
150	152
150	153
150	154
150	155
150	156
150	157
150	158
150	159
150	160
150	161
150	162
150	163
150	164
150	165
150	166
150	167
150	168
150	169
150	170
150	171
150	172
150	173
150	174
150	175
150	176
150	177
150	178
150	179
150	180
150	181
150	182
150	183
150	184
150	185
150	186
150	187
150	188
150	189
150	190
150	191
150	192
150	194
150	195
150	196
150	197
150	198
150	199
150	200
150	201
150	202
150	204
150	205
151	152
151	153
151	154
151	155
151	156
151	157
151	158
151	159
151	160
151	161
151	162
151	163
151	164
151	165
151	166
151	167
151	168
151	169
151	173
151	175
151	179
151	180
151	182
151	183
151	185
151	189
151	190
151	196
151	200
151	202
152	153
152	154
152	155
152	156
152	157
152	158
152	159
152	160
152	161
152	162
152	163
152	164
152	165
152	168
152	171
152	172
152	185
152	187
152	189
152	191
153	154
153	155
153	156
153	157
153	158
153	159
153	160
153	161
153	162
153	163
153	164
153	165
153	166
153	167
153	168
153	169
153	170
153	171
153	172
153	173
153	175
153	177
153	178
153	179
153	180
153	181
153	182
153	183
153	184
153	185
153	186
153	187
153	188
153	189
153	190
153	192
153	193
153	199
153	200
153	203
154	155
154	156
154	157
154	158
154	159
154	160
154	161
154	162
154	163
154	164
154	165
154	166
154	167
154	168
154	170
154	171
154	177
154	181
154	185
154	190
154	192
155	156
155	157
155	158
155	159
155	160
155	161
155	162
155	163
155	164
155	165
155	166
155	167
155	168
155	169
155	170
155	171
155	172
155	175
155	179
155	190
155	191
155	192
155	193
155	198
156	157
156	158
156	159
156	160
156	161
156	162
156	163
156	164
156	165
156	166
156	167
156	168
156	169
156	170
156	171
156	172
156	186
156	191
156	193
157	158
157	159
157	160
157	161
157	162
157	163
157	164
157	165
157	167
157	169
157	170
157	186
157	201
158	159
158	160
158	161
158	162
158	163
158	164
158	165
158	166
158	167
158	168
158	169
158	170
158	172
158	173
158	174
158	176
158	177
158	180
158	184
158	186
158	187
158	188
158	190
158	192
158	197
158	199
158	200
158	201
158	202
158	205
159	160
159	161
159	162
159	163
159	164
159	165
159	168
159	171
159	172
159	190
159	202
160	161
160	162
160	163
160	164
160	165
160	169
160	170
160	171
161	162
161	163
161	164
161	165
161	166
161	168
161	169
161	170
161	171
161	181
161	193
161	194
162	163
162	164
162	165
162	166
162	167
162	168
162	170
162	172
162	177
162	182
162	205
163	164
163	165
163	166
163	167
163	168
163	169
163	170
163	171
163	172
163	173
163	174
163	175
163	177
163	178
163	180
163	181
163	182
163	183
163	184
163	185
163	186
163	187
163	188
163	189
163	190
163	191
163	192
163	193
163	194
163	195
163	196
163	197
163	198
163	199
163	200
163	202
163	203
163	205
164	165
164	166
164	167
164	168
164	169
164	170
164	171
164	173
164	175
164	176
164	177
164	179
164	180
164	181
164	183
164	184
164	185
164	186
164	187
164	189
164	190
164	192
164	193
164	204
164	205
165	166
165	168
165	169
165	170
165	171
165	172
165	175
165	177
165	178
165	181
165	184
165	186
165	191
165	192
165	195
166	167
166	168
166	169
166	170
166	171
166	172
166	173
166	174
166	184
166	185
166	186
166	187
166	188
166	190
166	191
166	192
166	193
166	202
166	205
167	168
167	169
167	170
167	171
167	173
167	174
167	175
167	177
167	178
167	179
167	181
167	182
167	183
167	184
167	185
167	187
167	188
167	189
167	190
167	191
167	192
167	196
167	198
167	200
167	201
167	202
167	204
168	169
168	170
168	171
168	173
168	174
168	175
168	177
168	179
168	181
168	182
168	187
168	188
168	190
168	192
168	194
168	196
168	199
168	200
168	202
168	203
168	204
169	170
169	181
169	193
170	178
170	187
170	190
170	191
170	192
171	172
171	173
171	174
171	178
171	184
171	186
171	187
171	188
171	189
171	195
171	196
171	198
171	200
171	203
171	204
172	173
172	174
172	176
172	177
172	178
172	179
172	181
172	182
172	183
172	184
172	188
172	189
172	190
172	196
172	200
172	203
172	204
172	205
173	174
173	175
173	176
173	177
173	178
173	179
173	180
173	181
173	182
173	183
173	184
173	185
173	186
173	187
173	188
173	189
173	190
173	191
173	192
173	193
173	194
173	195
173	196
173	197
173	198
173	199
173	200
173	202
173	203
173	204
174	175
174	176
174	177
174	178
174	179
174	180
174	181
174	182
174	183
174	184
174	185
174	186
174	187
174	188
174	189
174	190
174	191
174	192
174	193
174	194
174	195
174	196
174	197
174	198
174	199
174	200
174	201
174	202
174	203
174	204
175	176
175	177
175	178
175	179
175	180
175	181
175	182
175	183
175	184
175	185
175	186
175	187
175	188
175	190
175	191
175	192
175	193
175	194
175	197
175	198
175	199
175	204
176	177
176	178
176	179
176	181
176	182
176	183
176	184
176	185
176	186
176	187
176	189
176	191
176	192
176	193
176	195
176	197
177	178
177	179
177	180
177	181
177	182
177	183
177	184
177	185
177	186
177	187
177	188
177	189
177	190
177	191
177	192
177	193
177	199
178	179
178	180
178	181
178	182
178	183
178	184
178	185
178	186
178	187
178	188
178	190
178	191
178	192
178	193
178	195
178	197
178	198
178	199
178	200
178	203
178	205
179	180
179	181
179	182
179	183
179	184
179	185
179	186
179	187
179	188
179	189
179	190
179	191
179	192
179	193
179	194
179	196
179	197
179	198
179	199
179	200
179	201
179	202
179	203
179	204
180	181
180	182
180	183
180	184
180	185
180	186
180	187
180	188
180	189
180	190
180	191
180	193
180	195
180	197
180	198
180	199
180	200
180	201
180	202
180	203
181	182
181	183
181	184
181	185
181	186
181	187
181	188
181	190
181	192
181	193
181	195
181	197
181	199
181	203
182	183
182	184
182	185
182	186
182	187
182	188
182	189
182	190
182	191
182	192
182	193
182	195
182	197
182	198
182	199
182	203
183	184
183	185
183	186
183	187
183	188
183	189
183	190
183	191
183	192
183	197
183	198
183	199
183	200
184	185
184	186
184	187
184	188
184	190
184	191
184	192
184	193
184	195
184	196
184	197
184	198
184	199
184	200
184	202
184	203
185	186
185	187
185	188
185	189
185	190
185	191
185	192
185	193
185	197
185	198
186	187
186	188
186	190
186	191
186	193
186	197
186	198
186	199
186	202
187	188
187	190
187	191
187	193
187	195
187	197
187	198
187	199
187	202
188	189
188	190
188	191
188	192
188	193
188	196
188	197
188	199
188	201
188	202
188	205
189	190
189	191
189	192
189	193
189	201
190	191
190	192
190	193
190	196
190	197
190	199
191	192
191	193
191	194
191	196
191	199
191	202
191	205
192	193
192	198
192	199
194	195
194	196
194	197
194	198
194	199
194	201
194	203
195	196
195	197
195	198
195	199
195	200
195	201
195	202
195	203
195	204
196	197
196	198
196	199
196	200
196	201
196	202
196	203
196	204
196	205
197	198
197	199
197	200
197	201
197	202
197	203
197	204
198	199
198	200
198	202
198	203
198	204
199	202
199	203
199	204
199	205
200	201
200	202
200	203
200	204
200	205
201	202
201	203
201	204
201	205
202	203
202	204
202	205
203	204
204	205
