0	1
0	2
0	3
0	4
0	5
0	6
0	7
0	8
0	9
0	10
0	11
0	12
0	13
0	14
0	15
0	16
0	17
0	18
0	19
0	20
0	21
0	22
0	23
0	24
0	25
0	26
0	27
0	28
0	29
0	30
0	31
0	32
0	33
0	34
0	35
0	36
0	37
0	38
0	39
0	40
0	41
0	42
0	43
0	44
0	45
0	46
0	47
0	48
0	49
0	50
0	51
0	52
0	53
0	54
0	55
0	56
0	57
0	58
0	59
0	60
0	61
0	63
0	67
0	68
0	69
0	70
0	71
0	72
0	73
0	74
0	75
0	76
0	77
0	78
0	79
0	80
0	81
0	82
0	83
0	84
0	85
0	86
0	87
0	88
0	89
0	90
0	91
0	92
0	93
0	94
0	95
0	96
0	97
0	98
0	99
0	100
0	101
0	102
0	103
0	104
0	105
0	106
0	107
0	108
0	109
0	110
0	111
0	112
0	113
0	114
0	115
0	116
0	117
0	118
0	119
0	120
0	121
0	122
0	123
0	124
0	125
0	126
0	127
0	129
0	130
0	131
0	132
0	133
0	134
0	135
0	136
0	137
0	138
0	139
0	140
0	141
0	142
0	143
0	144
0	145
0	146
0	147
0	148
0	150
0	151
0	152
0	154
0	155
0	156
0	157
0	159
0	160
0	161
0	166
0	167
0	168
0	169
0	170
0	171
0	172
0	173
0	174
0	175
0	176
0	177
0	179
0	180
0	181
0	182
0	183
0	184
0	185
0	186
0	187
0	188
0	189
0	191
0	192
0	193
0	194
0	195
0	196
0	197
0	198
0	199
0	200
0	201
0	202
0	203
0	204
0	205
1	2
1	3
1	4
1	5
1	6
1	7
1	8
1	9
1	10
1	11
1	12
1	13
1	14
1	15
1	16
1	17
1	18
1	19
1	20
1	21
1	22
1	23
1	24
1	25
1	26
1	27
1	28
1	29
1	30
1	31
1	32
1	33
1	34
1	35
1	36
1	37
1	38
1	39
1	40
1	41
1	42
1	43
1	44
1	45
1	46
1	47
1	48
1	49
1	50
1	51
1	54
1	55
1	56
1	58
1	67
1	69
1	70
1	71
1	74
1	75
1	76
1	78
1	79
1	85
1	87
1	92
1	94
1	95
1	96
1	97
1	98
1	99
1	100
1	101
1	102
1	103
1	104
1	105
1	106
1	107
1	108
1	109
1	110
1	111
1	112
1	113
1	114
1	115
1	116
1	117
1	118
1	119
1	120
1	121
1	122
1	123
1	125
1	126
1	127
1	128
1	134
1	136
1	141
1	142
1	147
1	169
1	171
1	172
1	174
1	175
1	177
1	179
1	183
1	186
1	187
1	188
1	189
1	191
1	192
1	195
1	196
1	197
1	199
1	200
1	201
1	202
1	204
1	205
2	3
2	4
2	5
2	6
2	7
2	8
2	9
2	10
2	11
2	12
2	13
2	14
2	15
2	16
2	17
2	18
2	19
2	20
2	22
2	23
2	24
2	25
2	26
2	27
2	28
2	29
2	30
2	31
2	32
2	33
2	34
2	35
2	37
2	38
2	39
2	42
2	43
2	45
2	47
2	48
2	49
2	51
2	53
2	54
2	55
2	56
2	57
2	58
2	59
2	68
2	69
2	70
2	75
2	77
2	78
2	79
2	82
2	84
2	88
2	89
2	92
2	95
2	96
2	97
2	98
2	99
2	100
2	101
2	102
2	103
2	104
2	105
2	106
2	107
2	108
2	109
2	110
2	111
2	112
2	113
2	114
2	115
2	116
2	117
2	118
2	119
2	120
2	122
2	123
2	124
2	125
2	130
2	131
2	134
2	135
2	137
2	138
2	140
2	146
2	147
2	159
2	160
2	165
2	167
2	171
2	172
2	173
2	174
2	178
2	179
2	180
2	181
2	183
2	185
2	186
2	187
2	191
2	192
2	194
2	195
2	196
2	197
2	198
2	199
2	200
2	201
2	202
2	203
2	204
2	205
3	4
3	5
3	6
3	7
3	8
3	9
3	10
3	11
3	12
3	13
3	15
3	16
3	17
3	18
3	19
3	20
3	21
3	22
3	23
3	24
3	25
3	26
3	27
3	28
3	29
3	30
3	31
3	32
3	33
3	34
3	35
3	36
3	37
3	38
3	39
3	40
3	41
3	42
3	43
3	44
3	45
3	46
3	47
3	54
3	55
3	58
3	65
3	67
3	70
3	78
3	95
3	96
3	97
3	99
3	100
3	101
3	102
3	103
3	104
3	105
3	106
3	107
3	108
3	109
3	110
3	111
3	113
3	114
3	115
3	116
3	117
3	122
3	129
3	130
3	132
3	143
3	178
3	189
3	194
3	197
3	200
3	201
3	204
4	5
4	6
4	7
4	8
4	9
4	10
4	11
4	13
4	14
4	15
4	18
4	19
4	20
4	21
4	22
4	23
4	24
4	25
4	26
4	27
4	28
4	29
4	30
4	31
4	32
4	33
4	34
4	35
4	36
4	37
4	38
4	39
4	40
4	41
4	42
4	43
4	44
4	45
4	46
4	47
4	55
4	67
4	71
4	78
4	99
4	102
4	106
4	107
4	108
4	110
4	115
4	155
4	180
4	183
4	204
5	6
5	7
5	8
5	9
5	10
5	11
5	12
5	13
5	14
5	15
5	16
5	17
5	18
5	19
5	20
5	21
5	22
5	23
5	24
5	25
5	26
5	27
5	28
5	30
5	32
5	33
5	34
5	36
5	37
5	38
5	40
5	42
5	43
5	44
5	45
5	46
5	47
5	48
5	49
5	50
5	51
5	53
5	54
5	55
5	56
5	57
5	58
5	63
5	64
5	69
5	70
5	71
5	73
5	74
5	76
5	77
5	78
5	79
5	80
5	87
5	88
5	95
5	96
5	97
5	98
5	99
5	100
5	101
5	102
5	103
5	104
5	105
5	106
5	107
5	108
5	109
5	110
5	111
5	112
5	113
5	114
5	115
5	116
5	117
5	118
5	119
5	120
5	122
5	123
5	128
5	134
5	137
5	140
5	142
5	161
5	168
5	169
5	172
5	173
5	174
5	176
5	179
5	180
5	185
5	186
5	191
5	195
5	196
5	197
5	198
5	199
5	200
5	201
5	202
5	203
5	204
5	205
6	7
6	8
6	9
6	10
6	11
6	12
6	13
6	15
6	16
6	17
6	18
6	19
6	20
6	21
6	22
6	23
6	24
6	26
6	27
6	28
6	31
6	32
6	33
6	35
6	36
6	38
6	40
6	41
6	42
6	43
6	45
6	49
6	50
6	51
6	52
6	53
6	54
6	55
6	56
6	69
6	71
6	72
6	75
6	77
6	79
6	80
6	88
6	95
6	96
6	97
6	98
6	99
6	100
6	101
6	102
6	103
6	104
6	105
6	106
6	107
6	108
6	109
6	111
6	112
6	113
6	114
6	115
6	116
6	117
6	118
6	119
6	122
6	128
6	135
6	137
6	139
6	141
6	143
6	144
6	146
6	162
6	166
6	168
6	169
6	174
6	180
6	182
6	183
6	186
6	187
6	189
6	191
6	192
6	195
6	196
6	197
6	198
6	199
6	200
6	201
6	202
6	203
6	204
6	205
7	8
7	9
7	10
7	11
7	12
7	13
7	14
7	15
7	16
7	17
7	18
7	19
7	20
7	21
7	22
7	23
7	24
7	25
7	26
7	27
7	28
7	29
7	30
7	31
7	32
7	33
7	34
7	35
7	36
7	37
7	38
7	39
7	41
7	42
7	43
7	44
7	45
7	46
7	47
7	49
7	51
7	52
7	53
7	54
7	56
7	57
7	58
7	63
7	66
7	69
7	78
7	79
7	89
7	91
7	95
7	96
7	97
7	98
7	99
7	100
7	101
7	102
7	103
7	104
7	105
7	106
7	107
7	108
7	109
7	110
7	111
7	112
7	113
7	115
7	116
7	117
7	118
7	119
7	121
7	123
7	125
7	132
7	133
7	134
7	135
7	143
7	159
7	167
7	172
7	174
7	175
7	178
7	179
7	180
7	181
7	184
7	187
7	188
7	191
7	195
7	196
7	197
7	198
7	199
7	200
7	202
7	203
7	204
8	9
8	10
8	11
8	12
8	13
8	14
8	15
8	16
8	18
8	19
8	20
8	21
8	22
8	24
8	25
8	26
8	27
8	28
8	31
8	33
8	35
8	36
8	41
8	43
8	44
8	45
8	47
8	51
8	54
8	73
8	74
8	95
8	96
8	97
8	98
8	100
8	101
8	102
8	103
8	105
8	107
8	108
8	111
8	113
8	117
8	118
8	119
8	121
8	122
8	128
8	129
8	156
8	175
8	176
8	183
8	194
8	204
9	10
9	11
9	12
9	13
9	15
9	16
9	17
9	18
9	19
9	20
9	21
9	22
9	23
9	24
9	26
9	27
9	28
9	30
9	31
9	32
9	33
9	34
9	35
9	36
9	37
9	38
9	39
9	40
9	42
9	43
9	45
9	46
9	47
9	49
9	50
9	51
9	52
9	53
9	54
9	58
9	64
9	65
9	67
9	68
9	69
9	70
9	73
9	79
9	95
9	96
9	97
9	98
9	99
9	100
9	101
9	102
9	103
9	104
9	105
9	106
9	107
9	108
9	109
9	110
9	114
9	115
9	116
9	117
9	118
9	122
9	123
9	125
9	130
9	134
9	135
9	142
9	168
9	172
9	174
9	180
9	186
9	191
9	195
9	197
9	198
9	199
9	200
9	201
9	203
9	204
9	205
10	11
10	12
10	13
10	14
10	15
10	16
10	17
10	18
10	19
10	20
10	21
10	22
10	23
10	24
10	25
10	26
10	27
10	28
10	29
10	30
10	31
10	32
10	33
10	34
10	35
10	36
10	37
10	38
10	39
10	40
10	41
10	42
10	43
10	44
10	45
10	46
10	47
10	69
10	75
10	76
10	78
10	79
10	80
10	95
10	96
10	97
10	98
10	99
10	100
10	101
10	102
10	103
10	104
10	105
10	106
10	107
10	108
10	109
10	111
10	112
10	113
10	114
10	115
10	117
10	118
10	119
10	120
10	121
10	122
10	123
10	130
10	131
10	133
10	142
10	156
10	173
10	176
10	177
10	180
10	181
10	185
10	186
10	187
10	190
10	195
10	200
10	203
10	204
10	205
11	12
11	13
11	14
11	15
11	16
11	17
11	18
11	19
11	20
11	21
11	22
11	23
11	24
11	26
11	27
11	30
11	31
11	32
11	33
11	34
11	36
11	37
11	38
11	39
11	42
11	45
11	46
11	51
11	54
11	56
11	58
11	65
11	70
11	73
11	78
11	86
11	95
11	96
11	97
11	98
11	99
11	100
11	101
11	102
11	103
11	105
11	106
11	107
11	108
11	109
11	110
11	112
11	113
11	117
11	118
11	120
11	125
11	127
11	128
11	129
11	134
11	140
11	169
11	182
11	184
11	187
11	195
11	196
11	197
11	198
11	199
11	203
11	204
12	13
12	14
12	15
12	16
12	17
12	18
12	19
12	20
12	21
12	22
12	25
12	26
12	29
12	31
12	32
12	33
12	36
12	39
12	41
12	51
12	54
12	55
12	58
12	61
12	72
12	80
12	86
12	95
12	96
12	97
12	98
12	99
12	101
12	102
12	106
12	107
12	108
12	109
12	111
12	112
12	113
12	114
12	116
12	117
12	118
12	120
12	122
12	123
12	124
12	125
12	126
12	129
12	130
12	132
12	169
12	172
12	174
12	179
12	193
12	194
12	196
12	198
12	199
12	200
12	202
12	203
12	204
13	14
13	15
13	16
13	17
13	18
13	19
13	20
13	21
13	22
13	23
13	25
13	26
13	28
13	29
13	45
13	56
13	74
13	95
13	96
13	97
13	100
13	107
13	108
13	114
13	116
13	128
13	187
13	201
13	202
13	204
13	205
14	15
14	16
14	17
14	18
14	35
14	107
14	109
14	110
14	111
14	113
14	114
14	115
14	116
14	117
14	122
14	201
14	205
15	16
15	17
15	18
15	19
15	24
15	26
15	39
15	58
15	98
15	103
15	113
15	116
15	125
15	140
15	179
16	17
16	18
16	19
16	22
16	26
16	29
16	34
16	36
16	40
16	45
16	63
16	72
16	78
16	95
16	96
16	97
16	99
16	102
16	106
16	109
16	110
16	111
16	114
16	115
16	116
16	126
16	130
16	179
16	180
16	185
16	195
16	196
16	203
16	204
17	18
17	19
17	21
17	26
17	35
17	41
17	44
17	45
17	48
17	49
17	50
17	51
17	52
17	54
17	55
17	57
17	58
17	59
17	64
17	69
17	70
17	73
17	74
17	77
17	87
17	92
17	95
17	96
17	98
17	99
17	100
17	101
17	102
17	103
17	104
17	105
17	106
17	107
17	108
17	109
17	110
17	111
17	112
17	113
17	114
17	115
17	116
17	117
17	118
17	119
17	120
17	122
17	123
17	125
17	127
17	129
17	134
17	140
17	141
17	162
17	165
17	168
17	169
17	174
17	176
17	177
17	178
17	179
17	181
17	183
17	187
17	193
17	194
17	195
17	196
17	197
17	198
17	199
17	200
17	201
17	202
17	203
17	204
18	19
18	21
18	23
18	24
18	29
18	32
18	35
18	38
18	43
18	58
18	91
18	98
18	101
18	106
18	107
18	111
18	118
18	127
18	129
18	134
18	168
18	178
18	196
18	202
18	204
19	20
19	21
19	26
19	29
19	36
19	39
19	41
19	47
19	88
19	96
19	129
19	196
19	200
19	201
19	203
19	204
19	205
20	21
20	22
20	23
20	24
20	25
20	26
20	27
20	28
20	29
20	30
20	31
20	32
20	33
20	34
20	35
20	36
20	37
20	38
20	39
20	40
20	41
20	42
20	43
20	45
20	46
20	51
20	52
20	54
20	55
20	58
20	74
20	75
20	86
20	94
20	95
20	96
20	97
20	98
20	99
20	100
20	101
20	102
20	103
20	104
20	105
20	107
20	108
20	110
20	113
20	114
20	116
20	117
20	118
20	120
20	123
20	124
20	125
20	126
20	127
20	129
20	130
20	131
20	134
20	144
20	156
20	176
20	192
20	193
20	194
20	197
20	204
20	205
21	22
21	23
21	24
21	25
21	26
21	27
21	28
21	29
21	30
21	31
21	32
21	33
21	34
21	35
21	36
21	37
21	38
21	39
21	40
21	41
21	42
21	43
21	44
21	45
21	46
21	47
21	95
21	96
21	99
21	100
21	102
21	103
21	111
21	117
21	130
22	23
22	24
22	25
22	26
22	27
22	28
22	29
22	30
22	31
22	32
22	33
22	34
22	35
22	36
22	37
22	38
22	39
22	40
22	41
22	42
22	43
22	44
22	45
22	46
22	47
22	51
22	54
22	55
22	56
22	58
22	61
22	71
22	72
22	75
22	78
22	79
22	82
22	83
22	95
22	96
22	97
22	99
22	100
22	101
22	102
22	103
22	104
22	105
22	106
22	107
22	108
22	109
22	113
22	115
22	116
22	117
22	120
22	122
22	124
22	129
22	139
22	143
22	171
22	172
22	174
22	176
22	182
22	183
22	193
22	197
22	202
22	204
22	205
23	24
23	25
23	26
23	27
23	28
23	29
23	30
23	31
23	32
23	33
23	34
23	35
23	36
23	37
23	38
23	39
23	40
23	41
23	42
23	43
23	44
23	45
23	46
23	47
23	48
23	49
23	51
23	53
23	54
23	56
23	61
23	63
23	67
23	69
23	80
23	87
23	95
23	96
23	97
23	98
23	99
23	100
23	101
23	102
23	103
23	104
23	105
23	106
23	107
23	111
23	113
23	123
23	129
23	134
23	147
23	171
23	172
23	202
23	205
24	25
24	26
24	27
24	28
24	29
24	30
24	31
24	32
24	33
24	34
24	35
24	36
24	37
24	38
24	39
24	40
24	41
24	42
24	43
24	44
24	45
24	46
24	47
24	54
24	67
24	73
24	95
24	96
24	99
24	101
24	102
24	103
24	105
24	107
24	123
24	176
24	178
25	26
25	27
25	28
25	29
25	30
25	31
25	32
25	33
25	34
25	35
25	36
25	37
25	39
25	40
25	41
25	42
25	43
25	44
25	45
25	46
25	47
25	67
25	68
25	96
25	98
25	99
25	100
25	102
25	104
25	131
26	27
26	28
26	29
26	30
26	31
26	32
26	33
26	34
26	35
26	36
26	37
26	38
26	39
26	40
26	42
26	43
26	45
26	46
26	47
26	54
26	95
26	96
26	97
26	99
26	100
26	102
26	103
26	104
26	105
26	106
26	107
26	109
26	113
26	117
26	122
26	124
26	165
26	172
27	28
27	29
27	30
27	31
27	32
27	33
27	34
27	35
27	36
27	37
27	38
27	39
27	40
27	41
27	42
27	43
27	44
27	45
27	46
27	47
27	55
27	67
27	80
27	95
27	99
27	102
27	107
28	29
28	30
28	31
28	32
28	33
28	34
28	35
28	36
28	38
28	39
28	41
28	42
28	43
28	46
28	47
28	105
28	106
28	130
28	134
29	30
29	31
29	32
29	33
29	34
29	35
29	36
29	37
29	38
29	39
29	40
29	41
29	42
29	43
29	45
29	46
29	47
29	54
29	55
29	97
29	98
29	101
29	102
29	103
29	107
29	132
30	31
30	32
30	33
30	34
30	35
30	36
30	37
30	38
30	40
30	41
30	42
30	43
30	44
30	45
30	46
30	47
30	54
30	67
31	32
31	33
31	34
31	35
31	36
31	37
31	38
31	39
31	40
31	41
31	42
31	43
31	45
31	46
31	47
31	54
31	96
31	99
31	100
31	102
31	103
31	105
31	107
31	129
31	130
31	169
32	33
32	34
32	35
32	36
32	37
32	38
32	39
32	40
32	41
32	42
32	43
32	44
32	45
32	46
32	47
32	67
32	95
32	96
32	99
32	100
32	101
32	102
32	103
32	105
32	107
32	108
32	130
32	178
33	34
33	35
33	36
33	37
33	38
33	39
33	40
33	41
33	42
33	43
33	44
33	45
33	46
33	47
33	49
33	50
33	54
33	55
33	56
33	62
33	65
33	66
33	73
33	76
33	78
33	83
33	85
33	87
33	88
33	95
33	96
33	97
33	99
33	100
33	101
33	102
33	103
33	104
33	105
33	106
33	107
33	108
33	110
33	111
33	114
33	124
33	129
33	130
33	132
33	134
33	135
33	138
33	143
33	156
33	171
33	172
33	174
33	191
33	193
34	35
34	36
34	37
34	38
34	39
34	40
34	41
34	42
34	43
34	44
34	45
34	46
34	47
34	51
34	54
34	56
34	65
34	67
34	95
34	96
34	97
34	98
34	99
34	100
34	102
34	104
34	105
34	107
34	125
34	127
34	168
35	36
35	37
35	38
35	39
35	40
35	41
35	42
35	43
35	44
35	45
35	46
35	47
35	54
35	72
35	74
35	95
35	96
35	99
35	102
35	103
35	104
35	107
35	131
35	165
35	199
36	37
36	38
36	39
36	40
36	42
36	45
36	46
36	47
36	95
36	96
36	97
36	99
36	100
36	102
36	104
36	105
36	107
36	193
36	201
37	38
37	39
37	40
37	41
37	42
37	43
37	45
37	46
37	47
37	96
37	99
37	100
37	102
37	103
37	104
37	128
38	39
38	40
38	41
38	42
38	43
38	44
38	45
38	46
38	47
38	54
38	72
38	96
38	97
38	101
38	102
38	103
38	104
38	105
38	107
38	128
38	131
39	40
39	41
39	42
39	43
39	45
39	47
39	71
39	100
39	102
39	112
39	118
39	172
39	201
39	205
40	41
40	42
40	43
40	44
40	45
40	46
40	47
40	96
40	99
40	100
40	102
40	103
40	104
40	107
40	130
40	194
41	42
41	43
41	44
41	45
41	46
41	47
41	96
41	99
42	43
42	44
42	45
42	46
42	47
42	95
42	96
42	97
42	99
42	100
42	101
42	102
42	103
42	106
42	107
42	115
42	205
43	44
43	45
43	46
43	47
43	95
43	96
43	97
43	99
43	101
43	102
43	103
43	105
43	107
44	45
44	46
44	47
44	100
45	46
45	47
45	68
45	95
45	96
45	98
45	99
45	100
45	101
45	102
45	103
45	104
45	128
45	131
46	47
46	68
46	105
46	106
46	175
46	176
47	51
47	54
47	74
47	95
47	96
47	99
47	100
47	101
47	102
47	103
47	104
47	105
47	106
47	107
47	117
47	127
47	130
47	142
47	156
47	172
47	180
48	49
48	50
48	51
48	52
48	53
48	54
48	55
48	56
48	57
48	58
48	59
48	60
48	61
48	62
48	63
48	64
48	65
48	66
48	67
48	68
48	69
48	70
48	71
48	72
48	73
48	74
48	75
48	76
48	77
48	78
48	79
48	80
48	81
48	82
48	83
48	84
48	85
48	86
48	87
48	88
48	89
48	90
48	91
48	92
48	93
48	94
48	95
48	96
48	97
48	98
48	99
48	100
48	101
48	102
48	103
48	104
48	105
48	106
48	107
48	108
48	109
48	110
48	111
48	112
48	113
48	114
48	115
48	116
48	117
48	118
48	119
48	120
48	121
48	122
48	123
48	124
48	125
48	126
48	127
48	128
48	129
48	130
48	131
48	132
48	133
48	134
48	135
48	136
48	137
48	138
48	139
48	140
48	141
48	142
48	143
48	144
48	145
48	146
48	147
48	148
48	149
48	150
48	151
48	152
48	153
48	154
48	155
48	156
48	157
48	158
48	159
48	160
48	161
48	162
48	165
48	166
48	167
48	168
48	169
48	170
48	171
48	172
48	173
48	174
48	175
48	176
48	177
48	178
48	179
48	180
48	181
48	182
48	183
48	184
48	185
48	186
48	187
48	188
48	189
48	190
48	191
48	192
48	193
48	194
48	195
48	196
48	197
48	198
48	199
48	200
48	201
48	202
48	203
48	204
48	205
49	50
49	51
49	52
49	53
49	54
49	55
49	56
49	57
49	58
49	59
49	60
49	61
49	62
49	63
49	64
49	65
49	66
49	67
49	68
49	69
49	70
49	71
49	72
49	73
49	74
49	75
49	76
49	77
49	78
49	79
49	80
49	85
49	86
49	88
49	89
49	90
49	91
49	92
49	93
49	94
49	95
49	96
49	97
49	98
49	99
49	100
49	101
49	102
49	103
49	104
49	105
49	106
49	107
49	108
49	109
49	110
49	111
49	112
49	113
49	115
49	116
49	117
49	118
49	119
49	120
49	121
49	122
49	123
49	124
49	125
49	126
49	131
49	132
49	133
49	140
49	147
49	151
49	166
49	171
49	174
49	176
49	178
49	179
49	180
49	182
49	183
49	185
49	186
49	187
49	193
49	194
49	196
49	197
49	198
49	200
49	201
49	202
49	204
50	51
50	52
50	53
50	54
50	55
50	56
50	57
50	58
50	59
50	60
50	62
50	63
50	64
50	65
50	66
50	67
50	68
50	69
50	70
50	71
50	72
50	73
50	74
50	75
50	76
50	77
50	78
50	79
50	80
50	82
50	87
50	89
50	90
50	92
50	97
50	98
50	99
50	101
50	103
50	104
50	105
50	107
50	108
50	109
50	110
50	111
50	112
50	113
50	114
50	115
50	116
50	118
50	119
50	120
50	121
50	122
50	123
50	128
50	132
50	133
50	140
50	159
50	176
50	181
50	182
50	184
50	186
50	189
50	190
50	191
50	194
50	195
50	196
50	197
50	198
50	199
50	202
50	203
50	204
50	205
51	52
51	53
51	54
51	55
51	56
51	57
51	58
51	59
51	60
51	61
51	62
51	63
51	64
51	65
51	66
51	67
51	68
51	69
51	70
51	71
51	72
51	73
51	74
51	75
51	76
51	77
51	78
51	79
51	80
51	81
51	82
51	83
51	84
51	85
51	86
51	87
51	88
51	89
51	90
51	92
51	93
51	95
51	96
51	97
51	98
51	99
51	100
51	101
51	102
51	103
51	104
51	105
51	106
51	107
51	108
51	109
51	110
51	111
51	112
51	113
51	114
51	115
51	116
51	117
51	120
51	121
51	122
51	123
51	124
51	125
51	128
51	131
51	133
51	134
51	135
51	136
51	140
51	144
51	145
51	152
51	154
51	166
51	171
51	174
51	177
51	179
51	180
51	181
51	182
51	188
51	189
51	190
51	192
51	194
51	195
51	196
51	197
51	198
51	199
51	200
51	201
51	202
51	203
51	204
52	53
52	54
52	55
52	56
52	57
52	58
52	59
52	60
52	62
52	63
52	64
52	65
52	66
52	67
52	68
52	69
52	70
52	71
52	72
52	73
52	74
52	75
52	76
52	77
52	78
52	79
52	80
52	90
52	92
52	94
52	101
52	103
52	104
52	108
52	110
52	112
52	113
52	114
52	117
52	118
52	119
52	120
52	121
52	122
52	124
52	126
52	130
52	140
52	156
52	174
52	175
52	180
52	186
52	187
52	194
52	195
52	199
52	201
53	54
53	55
53	56
53	57
53	58
53	59
53	60
53	61
53	62
53	63
53	64
53	65
53	67
53	68
53	69
53	70
53	71
53	72
53	73
53	74
53	75
53	76
53	77
53	78
53	79
53	80
53	82
53	85
53	86
53	87
53	88
53	90
53	91
53	92
53	93
53	94
53	95
53	96
53	97
53	98
53	99
53	100
53	101
53	102
53	103
53	104
53	106
53	108
53	109
53	111
53	112
53	113
53	114
53	115
53	116
53	117
53	120
53	121
53	122
53	124
53	126
53	127
53	129
53	135
53	136
53	138
53	145
53	146
53	147
53	149
53	151
53	152
53	154
53	159
53	167
53	170
53	177
53	179
53	180
53	183
53	184
53	186
53	189
53	190
53	191
53	195
53	198
53	199
53	202
54	55
54	56
54	57
54	58
54	59
54	60
54	61
54	62
54	63
54	64
54	65
54	67
54	68
54	69
54	70
54	71
54	72
54	73
54	74
54	75
54	77
54	78
54	79
54	82
54	83
54	87
54	88
54	92
54	94
54	95
54	96
54	97
54	98
54	99
54	100
54	101
54	102
54	103
54	104
54	105
54	106
54	107
54	108
54	110
54	111
54	114
54	119
54	120
54	122
54	123
54	127
54	133
54	169
54	188
54	195
54	198
54	200
54	202
55	56
55	57
55	58
55	59
55	60
55	61
55	62
55	63
55	64
55	65
55	66
55	67
55	68
55	69
55	70
55	71
55	72
55	73
55	74
55	75
55	76
55	77
55	78
55	79
55	80
55	83
55	84
55	87
55	90
55	91
55	92
55	93
55	94
55	95
55	96
55	97
55	98
55	99
55	100
55	101
55	102
55	103
55	104
55	105
55	106
55	107
55	108
55	109
55	110
55	111
55	112
55	113
55	115
55	116
55	117
55	118
55	120
55	121
55	125
55	126
55	128
55	132
55	133
55	135
55	136
55	137
55	138
55	139
55	141
55	143
55	144
55	159
55	169
55	172
55	174
55	176
55	178
55	179
55	180
55	181
55	184
55	186
55	187
55	192
55	195
55	198
55	200
55	202
56	57
56	58
56	59
56	60
56	61
56	62
56	63
56	64
56	67
56	68
56	69
56	70
56	71
56	72
56	73
56	74
56	75
56	76
56	77
56	78
56	79
56	80
56	85
56	87
56	90
56	91
56	92
56	94
56	95
56	97
56	99
56	100
56	101
56	102
56	104
56	105
56	108
56	109
56	110
56	111
56	113
56	116
56	118
56	120
56	122
56	127
56	132
56	140
56	151
56	169
56	188
56	191
56	193
56	195
56	197
56	200
56	203
56	204
56	205
57	58
57	59
57	63
57	67
57	69
57	70
57	71
57	72
57	73
57	74
57	75
57	76
57	77
57	78
57	79
57	80
57	92
57	98
57	101
57	102
57	104
57	111
57	121
57	123
57	169
57	175
57	202
58	59
58	60
58	61
58	62
58	63
58	64
58	69
58	70
58	71
58	72
58	73
58	74
58	75
58	76
58	77
58	78
58	79
58	80
58	90
58	91
58	92
58	96
58	97
58	98
58	100
58	101
58	103
58	104
58	106
58	108
58	110
58	115
58	116
58	120
58	121
58	124
58	125
58	126
58	178
58	183
59	60
59	61
59	62
59	63
59	64
59	65
59	66
59	67
59	68
59	69
59	70
59	71
59	72
59	73
59	74
59	75
59	76
59	77
59	78
59	79
59	80
59	81
59	82
59	83
59	84
59	85
59	86
59	87
59	88
59	89
59	90
59	91
59	92
59	93
59	94
59	96
59	98
59	99
59	100
59	101
59	102
59	103
59	104
59	105
59	106
59	107
59	108
59	109
59	110
59	111
59	112
59	113
59	114
59	115
59	116
59	117
59	118
59	119
59	120
59	121
59	122
59	123
59	124
59	125
59	126
59	127
59	129
59	130
59	131
59	132
59	134
59	135
59	137
59	138
59	139
59	140
59	141
59	142
59	143
59	144
59	145
59	146
59	147
59	148
59	150
59	152
59	153
59	154
59	159
59	164
59	165
59	166
59	167
59	172
59	173
59	174
59	175
59	177
59	179
59	180
59	181
59	182
59	183
59	184
59	185
59	186
59	187
59	188
59	189
59	190
59	191
59	192
59	193
59	195
59	196
59	197
59	198
59	199
59	200
59	201
59	202
59	203
59	204
60	61
60	62
60	63
60	64
60	65
60	66
60	67
60	68
60	69
60	70
60	71
60	72
60	73
60	74
60	75
60	76
60	77
60	78
60	79
60	80
60	81
60	82
60	83
60	84
60	85
60	86
60	87
60	88
60	89
60	90
60	91
60	92
60	93
60	94
60	98
60	99
60	100
60	101
60	102
60	104
60	106
60	108
60	109
60	110
60	112
60	113
60	114
60	115
60	118
60	119
60	120
60	121
60	122
60	123
60	125
60	126
60	131
60	132
60	133
60	136
60	137
60	138
60	139
60	141
60	142
60	143
60	145
60	146
60	147
60	164
60	168
60	171
60	172
60	173
60	175
60	176
60	177
60	178
60	179
60	180
60	181
60	182
60	183
60	184
60	185
60	186
60	187
60	188
60	189
60	190
60	192
60	196
60	197
60	199
60	204
60	205
61	62
61	63
61	64
61	65
61	66
61	67
61	68
61	69
61	70
61	71
61	72
61	73
61	74
61	75
61	76
61	77
61	78
61	79
61	80
61	81
61	82
61	83
61	84
61	85
61	86
61	87
61	88
61	89
61	90
61	91
61	92
61	93
61	94
61	95
61	96
61	97
61	98
61	99
61	100
61	101
61	102
61	103
61	104
61	105
61	106
61	107
61	108
61	109
61	112
61	114
61	115
61	116
61	117
61	118
61	119
61	120
61	121
61	122
61	123
61	124
61	125
61	126
61	127
61	129
61	130
61	131
61	133
61	134
61	135
61	136
61	137
61	139
61	140
61	141
61	142
61	143
61	144
61	145
61	146
61	147
61	148
61	149
61	150
61	151
61	152
61	153
61	154
61	155
61	157
61	158
61	159
61	160
61	161
61	162
61	163
61	164
61	165
61	166
61	167
61	168
61	169
61	170
61	171
61	172
61	173
61	174
61	175
61	178
61	179
61	180
61	181
61	182
61	183
61	184
61	185
61	186
61	187
61	188
61	189
61	190
61	191
61	192
61	193
61	195
61	196
61	197
61	198
61	199
61	200
61	201
61	203
61	204
62	63
62	64
62	65
62	66
62	67
62	68
62	69
62	70
62	71
62	72
62	74
62	75
62	76
62	77
62	78
62	79
62	80
62	86
62	87
62	88
62	89
62	90
62	91
62	94
62	98
62	101
62	104
62	110
62	113
62	115
62	116
62	117
62	119
62	120
62	121
62	122
62	123
62	127
62	129
62	133
62	139
62	146
62	147
62	177
62	180
62	185
62	189
62	190
62	192
62	198
62	204
62	205
63	64
63	65
63	66
63	67
63	68
63	69
63	70
63	71
63	72
63	74
63	76
63	77
63	78
63	79
63	80
63	83
63	91
63	98
63	114
63	116
63	117
63	119
63	121
63	176
63	194
64	65
64	66
64	67
64	68
64	69
64	70
64	71
64	72
64	74
64	76
64	78
64	79
64	80
64	86
64	87
64	89
64	92
64	93
64	94
64	101
64	104
64	108
64	110
64	114
64	115
64	117
64	119
64	121
64	122
64	123
64	130
64	134
64	141
64	143
64	145
64	146
64	166
64	177
64	181
64	183
64	185
64	189
64	190
64	192
64	194
65	66
65	67
65	68
65	69
65	70
65	71
65	72
65	74
65	75
65	76
65	77
65	78
65	79
65	80
65	81
65	82
65	83
65	86
65	87
65	88
65	89
65	90
65	92
65	93
65	94
65	98
65	110
65	114
65	119
65	120
65	121
65	122
65	123
65	125
65	135
65	137
65	138
65	139
65	141
65	142
65	143
65	144
65	145
65	146
65	147
65	161
65	166
65	167
65	176
65	183
65	185
65	187
65	188
65	189
65	190
65	191
65	192
65	193
65	195
65	197
65	199
65	201
65	202
66	67
66	68
66	69
66	70
66	76
66	80
66	81
66	82
66	83
66	85
66	86
66	88
66	91
66	92
66	93
66	94
66	98
66	100
66	144
66	146
66	165
66	170
66	194
67	73
67	78
67	79
67	87
67	102
67	103
67	110
68	86
68	87
68	94
68	101
68	154
68	159
68	183
68	190
68	195
69	70
69	71
69	72
69	73
69	74
69	75
69	76
69	77
69	78
69	79
69	80
69	81
69	82
69	83
69	84
69	85
69	86
69	87
69	88
69	89
69	90
69	91
69	92
69	93
69	94
69	95
69	96
69	97
69	98
69	100
69	101
69	103
69	104
69	105
69	106
69	108
69	109
69	110
69	112
69	115
69	116
69	117
69	119
69	120
69	121
69	122
69	123
69	124
69	126
69	129
69	130
69	132
69	133
69	134
69	135
69	143
69	148
69	150
69	151
69	154
69	159
69	161
69	163
69	167
69	169
69	170
69	172
69	173
69	175
69	179
69	181
69	182
69	185
69	186
69	187
69	188
69	194
69	195
69	196
69	199
69	200
69	203
69	205
70	71
70	72
70	73
70	74
70	75
70	76
70	77
70	78
70	79
70	80
70	82
70	83
70	86
70	87
70	88
70	90
70	92
70	93
70	94
70	96
70	100
70	105
70	110
70	116
70	120
70	121
70	122
70	123
70	125
70	127
70	132
70	135
70	142
70	149
70	159
70	160
70	161
70	165
70	167
70	170
70	193
71	72
71	73
71	74
71	75
71	76
71	77
71	78
71	79
71	80
71	81
71	82
71	83
71	84
71	85
71	86
71	87
71	88
71	90
71	93
71	94
71	98
71	101
71	104
71	108
71	111
71	116
71	117
71	120
71	122
71	129
71	132
71	152
71	159
71	160
71	162
71	165
71	168
71	183
72	73
72	74
72	75
72	76
72	77
72	78
72	79
72	80
72	81
72	82
72	84
72	85
72	86
72	87
72	92
72	93
72	94
72	98
72	101
72	112
72	116
72	117
72	120
72	122
72	126
72	129
72	132
72	137
72	141
72	165
72	172
72	179
72	183
72	195
72	199
73	74
73	75
73	76
73	77
73	78
73	79
73	80
73	88
73	98
73	112
73	114
73	121
73	166
73	170
73	176
73	192
73	205
74	75
74	76
74	77
74	78
74	79
74	80
74	83
74	84
74	104
74	108
74	115
74	120
74	125
74	176
74	195
75	76
75	77
75	78
75	79
75	80
75	90
75	100
75	140
75	166
75	167
75	169
75	194
75	202
76	77
76	78
76	79
76	80
76	81
76	82
76	83
76	84
76	85
76	88
76	89
76	90
76	92
76	93
76	94
76	95
76	96
76	97
76	99
76	100
76	101
76	102
76	103
76	105
76	106
76	107
76	108
76	109
76	111
76	117
76	120
76	121
76	122
76	124
76	126
76	127
76	131
76	132
76	133
76	135
76	136
76	137
76	139
76	140
76	141
76	142
76	145
76	146
76	148
76	150
76	151
76	152
76	153
76	157
76	158
76	159
76	160
76	163
76	164
76	165
76	166
76	167
76	169
76	171
76	173
76	174
76	188
76	189
76	191
76	193
76	196
76	200
76	201
76	203
76	204
77	78
77	79
77	80
77	81
77	84
77	85
77	88
77	89
77	93
77	94
77	98
77	103
77	104
77	106
77	108
77	110
77	111
77	118
77	120
77	122
77	123
77	129
77	132
77	142
77	179
77	201
77	202
77	205
78	79
78	80
78	81
78	82
78	83
78	84
78	85
78	86
78	87
78	88
78	90
78	91
78	92
78	93
78	94
78	95
78	96
78	97
78	98
78	99
78	100
78	101
78	102
78	103
78	104
78	106
78	107
78	108
78	109
78	110
78	111
78	112
78	113
78	115
78	116
78	117
78	118
78	119
78	120
78	121
78	122
78	123
78	124
78	126
78	128
78	129
78	130
78	131
78	132
78	134
78	135
78	136
78	137
78	138
78	140
78	141
78	142
78	144
78	146
78	148
78	149
78	150
78	151
78	152
78	153
78	154
78	157
78	158
78	159
78	161
78	162
78	163
78	164
78	165
78	168
78	172
78	176
78	182
78	186
78	187
78	193
78	194
78	195
78	196
78	197
78	199
78	200
78	203
78	204
78	205
79	80
79	81
79	82
79	83
79	84
79	85
79	86
79	87
79	88
79	90
79	92
79	93
79	94
79	95
79	96
79	97
79	99
79	101
79	102
79	104
79	105
79	106
79	108
79	109
79	110
79	111
79	112
79	113
79	114
79	115
79	116
79	117
79	118
79	119
79	120
79	121
79	122
79	123
79	125
79	127
79	132
79	137
79	138
79	141
79	144
79	149
79	150
79	152
79	153
79	154
79	158
79	159
79	160
79	162
79	163
79	164
79	165
79	167
79	171
79	176
79	183
79	187
79	194
79	195
79	196
79	199
79	202
79	204
79	205
80	81
80	86
80	88
80	89
80	90
80	94
80	126
80	127
80	176
80	182
80	199
81	82
81	83
81	84
81	85
81	86
81	87
81	88
81	89
81	90
81	91
81	92
81	93
81	94
81	98
81	101
81	102
81	109
81	110
81	112
81	116
81	118
81	120
81	122
81	124
81	125
81	130
81	131
81	132
81	134
81	135
81	136
81	139
81	141
81	142
81	146
81	147
81	149
81	152
81	155
81	157
81	159
81	160
81	165
81	171
81	173
81	176
81	177
81	181
81	185
81	187
81	188
81	189
81	190
81	191
81	192
81	193
81	200
81	202
81	203
82	83
82	84
82	85
82	86
82	87
82	88
82	91
82	92
82	93
82	94
82	99
82	100
82	103
82	121
82	134
82	135
82	136
82	141
82	144
82	146
82	147
82	148
82	150
82	151
82	152
82	153
82	154
82	157
82	158
82	159
82	161
82	163
82	164
82	165
82	166
82	168
82	170
82	171
82	172
82	175
82	176
82	178
82	181
82	188
82	190
82	191
82	192
82	193
82	195
82	197
83	84
83	85
83	86
83	87
83	88
83	92
83	93
83	94
83	103
83	114
83	150
83	152
83	156
83	158
83	159
83	160
83	162
83	177
84	85
84	86
84	87
84	88
84	89
84	90
84	91
84	92
84	93
84	94
84	98
84	99
84	103
84	111
84	112
84	125
84	126
84	130
84	135
84	136
84	137
84	138
84	139
84	140
84	141
84	142
84	144
84	146
84	147
84	148
84	149
84	150
84	151
84	152
84	153
84	154
84	155
84	156
84	157
84	158
84	159
84	160
84	161
84	162
84	163
84	164
84	165
84	166
84	167
84	169
84	170
84	171
84	172
84	173
84	174
84	177
84	178
84	180
84	181
84	182
84	185
84	186
84	187
84	188
84	190
84	191
84	192
84	193
84	195
84	198
84	204
84	205
85	86
85	87
85	88
85	90
85	92
85	93
85	94
85	103
85	112
85	132
85	135
85	137
85	139
85	141
85	142
85	146
85	148
85	150
85	151
85	152
85	153
85	154
85	155
85	156
85	158
85	159
85	160
85	161
85	163
85	164
85	165
85	166
85	168
85	169
85	170
85	171
85	175
85	193
86	87
86	88
86	89
86	90
86	91
86	92
86	93
86	94
86	98
86	125
86	128
86	137
86	146
86	148
86	152
86	154
86	159
86	160
86	163
86	164
86	165
86	170
86	202
87	88
87	92
87	94
87	130
87	139
87	144
87	146
87	149
87	151
87	152
87	157
87	158
87	159
87	160
87	162
87	165
87	166
87	171
87	172
87	176
87	181
88	89
88	90
88	91
88	92
88	93
88	94
88	95
88	96
88	97
88	98
88	105
88	106
88	109
88	113
88	114
88	121
88	123
88	124
88	125
88	127
88	128
88	130
88	131
88	132
88	133
88	134
88	135
88	136
88	137
88	138
88	140
88	141
88	142
88	143
88	144
88	145
88	146
88	147
88	148
88	149
88	150
88	151
88	152
88	153
88	154
88	155
88	156
88	157
88	158
88	159
88	160
88	161
88	162
88	163
88	164
88	165
88	166
88	167
88	168
88	169
88	170
88	171
88	172
88	173
88	174
88	182
88	183
88	184
88	188
88	189
88	190
88	191
88	192
88	193
88	198
88	200
88	201
88	202
88	203
88	204
88	205
89	90
89	91
89	92
89	93
89	94
89	132
89	135
89	136
89	137
89	138
89	140
89	141
89	143
89	144
89	145
89	146
89	147
89	148
89	149
89	150
89	151
89	152
89	153
89	154
89	157
89	158
89	161
89	162
89	163
89	164
89	165
89	169
89	177
89	189
89	192
90	91
90	92
90	93
90	94
90	95
90	99
90	104
90	118
90	123
90	124
90	125
90	127
90	128
90	131
90	132
90	133
90	135
90	136
90	138
90	139
90	140
90	142
90	144
90	145
90	147
90	148
90	149
90	150
90	151
90	152
90	153
90	154
90	155
90	156
90	157
90	158
90	159
90	160
90	162
90	163
90	164
90	165
90	166
90	168
90	171
90	172
90	173
90	174
90	175
90	177
90	183
90	186
90	188
90	189
90	191
90	192
90	193
90	199
90	205
91	92
91	93
91	94
91	123
91	126
91	127
91	133
91	135
91	136
91	137
91	147
91	150
91	153
91	158
91	163
91	164
91	165
91	169
92	93
92	94
92	125
92	130
92	136
92	145
92	147
92	157
92	159
92	199
93	94
93	97
93	110
93	117
93	118
93	119
93	121
93	124
93	127
93	130
93	132
93	134
93	135
93	136
93	137
93	138
93	139
93	140
93	141
93	142
93	143
93	144
93	145
93	146
93	147
93	148
93	149
93	150
93	151
93	152
93	153
93	154
93	155
93	156
93	157
93	158
93	159
93	160
93	161
93	162
93	163
93	164
93	165
93	166
93	167
93	168
93	170
93	171
93	172
93	173
93	175
93	177
93	184
93	185
93	186
93	188
93	190
93	191
93	192
93	193
93	194
93	202
93	205
94	101
94	110
94	120
94	121
94	122
94	125
94	126
94	127
94	132
94	133
94	135
94	136
94	137
94	138
94	139
94	140
94	141
94	142
94	143
94	144
94	145
94	146
94	147
94	148
94	149
94	150
94	151
94	152
94	153
94	154
94	155
94	156
94	157
94	158
94	159
94	160
94	161
94	162
94	163
94	164
94	165
94	166
94	167
94	168
94	170
94	171
94	173
94	183
94	186
94	188
94	189
94	191
94	192
94	193
94	201
95	96
95	97
95	98
95	99
95	100
95	101
95	102
95	103
95	104
95	105
95	106
95	107
95	108
95	109
95	110
95	112
95	114
95	115
95	116
95	117
95	119
95	120
95	122
95	123
95	124
95	133
95	142
95	172
95	187
95	195
95	196
95	197
95	198
95	202
95	203
95	204
96	97
96	98
96	99
96	100
96	101
96	102
96	103
96	104
96	105
96	106
96	107
96	108
96	109
96	110
96	111
96	112
96	113
96	115
96	116
96	117
96	118
96	120
96	122
96	126
96	130
96	135
96	166
96	168
96	171
96	172
96	175
96	179
96	187
96	196
96	197
96	198
96	200
96	202
96	203
96	204
96	205
97	98
97	99
97	100
97	101
97	102
97	103
97	104
97	105
97	106
97	107
97	108
97	114
97	115
97	117
97	129
97	195
97	196
98	99
98	100
98	101
98	102
98	103
98	104
98	105
98	106
98	107
98	108
98	109
98	110
98	111
98	113
98	120
98	122
98	189
98	196
98	198
98	200
98	202
98	203
99	100
99	101
99	102
99	103
99	104
99	105
99	106
99	107
99	108
99	109
99	113
99	114
99	115
99	120
99	122
99	129
99	131
99	132
99	133
99	142
99	160
99	169
99	176
99	187
99	197
99	204
100	101
100	102
100	103
100	104
100	105
100	106
100	107
100	108
100	109
100	110
100	111
100	112
100	113
100	114
100	115
100	116
100	117
100	118
100	120
100	123
100	124
100	125
100	127
100	128
100	130
100	131
100	132
100	135
100	138
100	142
100	166
100	171
100	185
100	196
100	197
100	198
100	199
100	200
100	202
101	102
101	103
101	104
101	105
101	106
101	107
101	108
101	109
101	110
101	111
101	113
101	114
101	115
101	116
101	117
101	119
101	120
101	122
101	123
101	128
101	129
101	130
101	132
101	134
101	142
101	152
101	155
101	160
101	168
101	171
101	179
101	181
101	189
101	195
101	196
101	197
101	199
101	201
101	202
101	203
101	204
102	103
102	104
102	105
102	106
102	107
102	108
102	120
102	122
102	123
102	124
102	196
102	203
103	104
103	105
103	106
103	107
103	108
103	114
103	117
103	151
103	185
103	193
104	105
104	106
104	107
104	108
104	109
104	110
104	111
104	113
104	115
104	116
104	117
104	118
104	120
104	121
104	122
104	123
104	124
104	129
104	132
104	133
104	135
104	137
104	143
104	149
104	161
104	170
104	176
104	182
104	186
104	193
104	195
104	196
104	197
104	199
104	200
105	106
105	107
105	108
105	109
105	111
105	113
105	114
105	115
105	116
105	117
105	120
105	121
105	122
105	125
105	128
105	134
105	140
105	169
105	172
105	176
105	181
105	183
105	187
105	194
105	195
105	202
106	107
106	108
106	109
106	111
106	112
106	113
106	114
106	115
106	116
106	117
106	118
106	120
106	122
106	123
106	124
106	131
106	132
106	136
106	144
106	168
106	169
106	170
106	177
106	181
106	195
106	197
106	198
106	201
107	108
107	113
107	117
107	134
107	142
107	159
107	199
107	202
108	109
108	110
108	111
108	112
108	113
108	114
108	115
108	116
108	117
108	118
108	119
108	120
108	122
108	123
108	124
108	126
108	130
108	131
108	132
108	133
108	134
108	135
108	136
108	137
108	138
108	144
108	148
108	150
108	152
108	154
108	155
108	158
108	161
108	163
108	171
108	172
108	174
108	176
108	177
108	180
108	186
108	189
108	190
108	192
108	194
108	195
108	196
108	197
108	198
108	199
108	200
108	201
108	202
108	203
108	204
109	110
109	111
109	112
109	113
109	114
109	115
109	116
109	117
109	118
109	119
109	120
109	121
109	122
109	123
109	124
109	125
109	126
109	128
109	129
109	130
109	131
109	133
109	134
109	135
109	137
109	138
109	140
109	144
109	148
109	149
109	150
109	151
109	152
109	155
109	161
109	162
109	167
109	168
109	169
109	171
109	172
109	173
109	174
109	176
109	177
109	178
109	180
109	187
109	188
109	189
109	191
109	192
109	193
109	194
109	195
109	196
109	197
109	198
109	199
109	200
109	201
109	202
109	203
109	204
110	111
110	112
110	113
110	114
110	115
110	116
110	117
110	118
110	119
110	120
110	121
110	122
110	123
110	124
110	125
110	127
110	129
110	130
110	131
110	135
110	138
110	141
110	143
110	146
110	149
110	151
110	152
110	161
110	162
110	163
110	164
110	175
110	176
110	177
110	180
110	183
110	194
110	195
110	196
110	197
110	198
110	200
110	202
110	203
110	204
111	112
111	113
111	114
111	115
111	116
111	117
111	118
111	119
111	120
111	121
111	122
111	123
111	124
111	125
111	126
111	127
111	128
111	129
111	131
111	133
111	135
111	136
111	144
111	146
111	149
111	150
111	156
111	158
111	160
111	162
111	172
111	173
111	174
111	178
111	182
111	185
111	191
111	192
111	194
111	195
111	196
111	197
111	198
111	199
111	200
111	201
111	202
111	203
111	204
111	205
112	113
112	114
112	115
112	116
112	117
112	118
112	119
112	120
112	121
112	122
112	123
112	124
112	126
112	127
112	130
112	132
112	134
112	135
112	136
112	137
112	138
112	144
112	149
112	152
112	158
112	160
112	164
112	170
112	182
112	184
112	192
113	114
113	115
113	116
113	117
113	118
113	119
113	120
113	121
113	122
113	123
113	124
113	127
113	130
113	131
113	132
113	138
113	149
113	180
113	187
113	194
113	196
113	197
113	198
113	199
113	203
113	204
114	115
114	116
114	117
114	118
114	119
114	120
114	122
114	123
114	161
114	201
114	203
114	205
115	116
115	117
115	118
115	119
115	120
115	121
115	122
115	123
115	124
115	130
115	134
115	135
115	136
115	137
115	146
115	147
115	149
115	151
115	155
115	168
115	169
115	170
115	173
115	175
115	176
115	178
115	183
115	185
115	186
115	188
115	189
115	191
115	195
115	196
115	197
115	198
115	199
115	200
115	202
115	203
116	117
116	118
116	119
116	120
116	121
116	122
116	123
116	129
116	131
116	144
116	149
116	169
116	175
116	178
116	187
116	194
116	195
116	196
116	197
116	198
116	200
117	118
117	119
117	120
117	121
117	122
117	123
117	137
117	143
117	149
117	167
117	168
117	175
117	177
117	180
117	186
117	192
117	195
117	196
117	197
117	198
118	119
118	120
118	121
118	122
118	123
118	124
118	125
118	129
118	130
118	134
118	135
118	136
118	138
118	143
118	144
118	147
118	148
118	149
118	153
118	158
118	159
118	160
118	162
118	163
118	164
118	165
118	168
118	171
118	172
118	179
118	180
118	181
118	182
118	186
118	187
118	193
118	194
118	195
118	196
118	197
118	198
118	199
118	201
118	202
118	203
118	204
119	120
119	121
119	122
119	123
119	124
119	125
119	126
119	128
119	129
119	130
119	131
119	132
119	134
119	135
119	136
119	137
119	138
119	139
119	140
119	141
119	143
119	144
119	145
119	146
119	147
119	148
119	149
119	150
119	151
119	152
119	153
119	154
119	157
119	158
119	159
119	160
119	162
119	163
119	164
119	165
119	166
119	167
119	169
119	172
119	173
119	174
119	179
119	180
119	184
119	186
119	187
119	188
119	191
119	194
119	195
119	196
119	197
119	198
119	199
119	200
119	201
119	202
119	203
119	204
120	121
120	122
120	123
120	124
120	125
120	126
120	127
120	129
120	131
120	132
120	133
120	135
120	136
120	138
120	140
120	141
120	143
120	144
120	145
120	146
120	148
120	149
120	150
120	151
120	152
120	153
120	154
120	157
120	158
120	159
120	161
120	162
120	163
120	164
120	166
120	168
120	174
120	178
120	179
120	180
120	181
120	183
120	184
120	185
120	186
120	187
120	191
120	193
120	194
120	195
120	196
120	197
120	198
120	199
120	200
120	201
120	203
120	204
120	205
121	122
121	123
121	124
121	125
121	126
121	127
121	130
121	132
121	133
121	134
121	135
121	136
121	137
121	138
121	140
121	142
121	144
121	148
121	149
121	150
121	151
121	152
121	153
121	154
121	155
121	158
121	159
121	160
121	162
121	163
121	164
121	165
121	171
121	174
121	178
121	179
121	180
121	186
121	192
121	198
121	199
121	200
121	201
122	123
122	124
122	125
122	126
122	127
122	129
122	130
122	131
122	132
122	133
122	134
122	135
122	136
122	137
122	138
122	139
122	140
122	141
122	142
122	144
122	145
122	146
122	148
122	149
122	150
122	151
122	152
122	153
122	154
122	155
122	156
122	157
122	158
122	159
122	160
122	161
122	162
122	163
122	164
122	165
122	166
122	167
122	168
122	170
122	171
122	173
122	174
122	177
122	178
122	179
122	180
122	181
122	182
122	184
122	185
122	186
122	188
122	191
122	194
122	195
122	196
122	197
122	198
122	199
122	200
122	201
122	202
122	203
122	204
122	205
123	124
123	126
123	127
123	130
123	132
123	133
123	134
123	135
123	136
123	137
123	138
123	139
123	140
123	142
123	143
123	144
123	145
123	146
123	148
123	149
123	150
123	151
123	152
123	153
123	154
123	155
123	157
123	158
123	159
123	161
123	162
123	163
123	164
123	165
123	167
123	169
123	170
123	171
123	172
123	174
123	180
123	181
123	182
123	183
123	186
123	188
123	192
123	194
123	195
123	196
123	197
123	198
123	199
123	200
123	202
123	203
123	204
123	205
124	125
124	126
124	127
124	128
124	129
124	130
124	131
124	132
124	133
124	134
124	136
124	140
124	199
125	127
125	128
125	129
125	130
125	131
125	132
125	133
126	127
126	128
126	129
126	130
126	131
126	132
126	133
126	134
126	143
126	167
126	175
126	176
126	177
126	178
126	179
126	181
126	182
126	183
126	184
126	186
126	187
126	194
126	195
126	199
126	202
127	128
127	129
127	130
127	131
127	132
127	133
127	134
127	140
127	141
127	142
127	160
127	162
127	173
127	180
128	129
128	130
128	131
128	132
128	133
129	130
129	131
129	132
129	133
129	134
129	202
130	131
130	132
130	133
130	134
130	140
131	132
131	133
131	140
131	141
131	142
131	143
132	133
132	134
133	140
133	142
133	144
133	149
133	151
133	193
133	202
134	149
135	136
135	137
135	138
135	139
135	140
135	141
135	142
135	143
135	144
135	145
135	146
135	147
135	148
135	149
135	150
135	151
135	152
135	153
135	154
135	155
135	156
135	157
135	158
135	159
135	160
135	161
135	162
135	163
135	164
135	165
135	166
135	167
135	168
135	169
135	170
135	171
135	172
135	173
135	174
135	175
135	176
135	177
135	179
135	181
135	182
135	184
135	186
135	188
135	189
135	190
135	191
135	192
135	193
135	199
135	202
135	205
136	137
136	138
136	139
136	140
136	141
136	142
136	143
136	144
136	145
136	146
136	147
136	148
136	149
136	150
136	151
136	152
136	153
136	154
136	155
136	156
136	157
136	158
136	159
136	160
136	161
136	162
136	163
136	164
136	165
136	166
136	167
136	169
136	170
136	171
136	173
136	175
136	176
136	183
136	187
136	188
136	190
136	191
136	194
137	138
137	139
137	140
137	141
137	142
137	143
137	144
137	145
137	146
137	147
137	148
137	149
137	150
137	151
137	152
137	153
137	154
137	155
137	156
137	157
137	158
137	159
137	160
137	161
137	162
137	163
137	164
137	166
137	167
137	168
137	169
137	170
137	171
137	172
137	188
137	190
137	192
138	139
138	140
138	141
138	142
138	143
138	144
138	145
138	146
138	147
138	148
138	149
138	150
138	151
138	152
138	153
138	154
138	155
138	156
138	157
138	158
138	159
138	160
138	161
138	162
138	163
138	164
138	165
138	166
138	167
138	168
138	169
138	170
138	171
138	172
138	173
138	174
138	175
138	177
138	178
138	180
138	182
138	184
138	185
138	186
138	187
138	188
138	189
138	190
138	191
138	192
138	193
138	194
139	140
139	141
139	142
139	143
139	144
139	145
139	146
139	147
139	148
139	149
139	150
139	151
139	152
139	153
139	154
139	155
139	156
139	157
139	158
139	159
139	160
139	161
139	162
139	163
139	164
139	165
139	166
139	167
139	168
139	169
139	170
139	171
139	172
139	173
139	174
139	175
139	176
139	177
139	178
139	179
139	181
139	182
139	183
139	184
139	185
139	186
139	187
139	188
139	189
139	190
139	191
139	192
139	193
139	194
139	196
139	197
139	198
139	199
139	201
139	203
139	204
140	141
140	142
140	143
140	144
140	145
140	146
140	147
140	148
140	149
140	150
140	151
140	153
140	154
140	155
140	156
140	157
140	158
140	159
140	161
140	162
140	163
140	164
140	165
140	166
140	167
140	168
140	169
140	170
140	171
140	172
140	173
140	175
140	176
140	177
140	178
140	179
140	182
140	184
140	185
140	186
140	188
140	190
140	193
140	205
141	142
141	143
141	144
141	145
141	146
141	147
141	148
141	149
141	150
141	151
141	152
141	153
141	154
141	155
141	156
141	157
141	158
141	159
141	160
141	161
141	162
141	163
141	164
141	165
141	166
141	167
141	168
141	169
141	170
141	171
141	172
141	173
141	174
141	177
141	179
141	182
141	183
141	184
141	186
141	187
141	188
141	189
141	190
141	191
141	192
141	194
141	202
142	143
142	144
142	145
142	146
142	147
142	148
142	149
142	150
142	151
142	153
142	154
142	159
142	161
142	162
142	163
142	164
142	194
143	144
143	145
143	146
143	147
143	148
143	149
143	150
143	151
143	152
143	153
143	154
143	155
143	156
143	157
143	158
143	159
143	160
143	161
143	162
143	163
143	164
143	165
143	166
143	167
143	168
143	169
143	171
143	172
143	173
143	177
143	178
143	179
143	181
143	184
143	185
143	186
143	188
143	189
143	190
143	191
143	192
143	205
144	145
144	146
144	147
144	148
144	149
144	150
144	151
144	152
144	153
144	154
144	155
144	156
144	157
144	158
144	159
144	160
144	161
144	162
144	163
144	164
144	165
144	166
144	167
144	168
144	169
144	170
144	171
144	172
144	173
144	183
144	186
144	188
144	189
144	190
144	191
144	192
144	193
145	146
145	147
145	148
145	149
145	150
145	151
145	152
145	153
145	154
145	155
145	156
145	157
145	158
145	159
145	160
145	161
145	162
145	163
145	164
145	165
145	166
145	167
145	168
145	169
145	170
145	171
145	172
145	173
145	175
145	176
145	178
145	181
145	182
145	183
145	184
145	185
145	187
145	188
145	189
145	190
145	191
145	192
145	193
145	194
146	147
146	148
146	149
146	150
146	151
146	152
146	153
146	154
146	155
146	156
146	157
146	158
146	159
146	160
146	161
146	162
146	163
146	164
146	165
146	166
146	167
146	168
146	169
146	170
146	171
146	172
146	173
146	175
146	177
146	180
146	181
146	182
146	186
146	188
146	189
146	190
146	191
146	192
146	193
147	148
147	149
147	150
147	151
147	152
147	153
147	154
147	155
147	156
147	157
147	158
147	159
147	160
147	161
147	162
147	163
147	164
147	165
147	166
147	167
147	168
147	169
147	170
147	171
147	172
147	173
147	174
147	175
147	176
147	177
147	180
147	181
147	182
147	185
147	188
147	189
147	190
147	191
147	192
147	193
147	195
147	199
147	201
147	202
148	149
148	150
148	151
148	152
148	153
148	154
148	155
148	156
148	157
148	158
148	159
148	160
148	161
148	162
148	163
148	164
148	165
148	166
148	167
148	168
148	169
148	170
148	171
148	172
148	173
148	174
148	175
148	176
148	177
148	178
148	179
148	180
148	181
148	182
148	183
148	184
148	185
148	186
148	187
148	188
148	189
148	190
148	191
148	192
148	193
148	195
148	196
148	197
148	198
148	199
148	200
148	201
148	202
148	203
148	204
148	205
149	150
149	151
149	152
149	153
149	154
149	155
149	156
149	157
149	158
149	159
149	160
149	161
149	162
149	163
149	164
149	165
149	166
149	168
149	169
149	170
149	175
149	184
150	151
150	152
150	153
150	154
150	155
150	156
150	157
150	158
150	159
150	160
150	161
150	162
150	163
150	164
150	165
150	166
150	167
150	168
150	169
150	170
150	171
150	172
150	173
150	174
150	175
150	176
150	177
150	178
150	179
150	180
150	181
150	182
150	183
150	184
150	185
150	186
150	187
150	188
150	189
150	190
150	191
150	192
150	193
150	194
150	195
150	196
150	197
150	198
150	199
150	200
150	201
150	202
150	203
150	204
150	205
151	152
151	153
151	154
151	155
151	156
151	157
151	158
151	159
151	160
151	161
151	162
151	163
151	164
151	165
151	166
151	167
151	168
151	169
151	171
151	172
151	173
151	175
151	177
151	183
151	184
151	188
151	190
151	194
151	200
151	201
151	203
151	205
152	153
152	154
152	155
152	156
152	157
152	158
152	159
152	160
152	161
152	162
152	163
152	164
152	165
152	166
152	169
152	171
152	172
152	177
152	184
152	185
152	187
153	154
153	155
153	156
153	157
153	158
153	159
153	160
153	161
153	162
153	163
153	164
153	165
153	166
153	167
153	168
153	169
153	170
153	171
153	172
153	173
153	175
153	176
153	177
153	178
153	179
153	180
153	181
153	182
153	183
153	184
153	185
153	186
153	187
153	188
153	190
153	194
153	196
153	198
153	199
153	200
153	203
153	205
154	155
154	156
154	157
154	158
154	159
154	160
154	161
154	162
154	163
154	164
154	165
154	166
154	167
154	168
154	169
154	170
154	171
154	175
154	178
154	180
154	182
154	183
154	185
154	186
155	156
155	157
155	158
155	159
155	160
155	161
155	162
155	163
155	164
155	165
155	166
155	167
155	168
155	169
155	170
155	171
155	172
155	173
155	182
155	183
155	184
155	185
155	186
155	187
155	188
155	189
155	190
155	191
155	192
155	205
156	157
156	158
156	159
156	160
156	161
156	162
156	163
156	164
156	165
156	166
156	167
156	168
156	169
156	170
156	171
156	172
156	177
156	185
156	189
156	191
156	193
157	158
157	159
157	160
157	161
157	162
157	163
157	164
157	165
157	166
157	167
157	169
157	170
157	175
157	184
157	193
157	199
158	159
158	160
158	161
158	162
158	163
158	164
158	165
158	166
158	167
158	168
158	169
158	170
158	171
158	172
158	173
158	174
158	175
158	176
158	177
158	180
158	181
158	182
158	183
158	184
158	185
158	186
158	187
158	188
158	190
158	192
158	194
158	195
158	202
158	203
159	160
159	161
159	162
159	163
159	164
159	165
159	167
159	169
159	171
159	198
160	161
160	162
160	163
160	164
160	165
160	166
160	170
160	171
160	172
160	181
160	186
161	162
161	163
161	164
161	165
161	166
161	168
161	169
161	170
161	171
161	172
161	173
161	182
162	163
162	164
162	165
162	166
162	167
162	168
162	169
162	172
162	182
163	164
163	165
163	166
163	167
163	168
163	169
163	170
163	171
163	172
163	173
163	174
163	175
163	176
163	177
163	178
163	179
163	180
163	181
163	182
163	183
163	184
163	185
163	186
163	187
163	188
163	189
163	190
163	192
163	195
163	196
163	197
163	198
163	199
163	201
163	202
163	203
163	205
164	165
164	166
164	167
164	168
164	170
164	171
164	173
164	175
164	176
164	177
164	178
164	179
164	180
164	181
164	182
164	183
164	184
164	185
164	186
164	190
164	194
164	197
164	198
164	203
164	205
165	166
165	167
165	168
165	169
165	170
165	171
165	172
165	175
165	185
165	187
165	190
165	192
166	167
166	168
166	169
166	170
166	171
166	172
166	173
166	174
166	176
166	177
166	178
166	179
166	180
166	182
166	183
166	186
166	188
166	189
166	190
166	191
166	192
166	193
166	201
167	168
167	169
167	170
167	171
167	172
167	173
167	174
167	175
167	176
167	177
167	181
167	182
167	183
167	184
167	185
167	186
167	187
167	188
167	189
167	190
167	191
167	192
167	198
167	200
168	169
168	170
168	171
168	172
168	173
168	174
168	177
168	178
168	179
168	183
168	185
168	187
168	188
168	189
168	190
168	193
168	195
168	196
168	197
168	200
168	201
169	170
169	178
169	182
169	189
170	177
170	189
170	192
170	193
171	172
171	173
171	174
171	178
171	179
171	181
171	182
171	184
171	185
171	186
171	187
171	188
171	189
171	190
171	191
171	196
171	200
171	202
171	203
172	173
172	174
172	178
172	179
172	183
172	184
172	185
172	186
172	188
172	189
172	190
172	194
172	197
172	200
172	201
172	203
172	204
173	174
173	175
173	176
173	177
173	178
173	179
173	180
173	181
173	182
173	183
173	184
173	185
173	186
173	187
173	188
173	189
173	190
173	191
173	192
173	193
173	194
173	195
173	196
173	197
173	198
173	199
173	200
173	201
173	202
173	203
173	204
173	205
174	175
174	176
174	177
174	178
174	179
174	180
174	181
174	182
174	183
174	184
174	185
174	186
174	187
174	188
174	189
174	190
174	191
174	192
174	193
174	194
174	195
174	196
174	197
174	198
174	199
174	200
174	201
174	202
174	203
174	204
174	205
175	176
175	177
175	178
175	179
175	180
175	181
175	182
175	183
175	184
175	185
175	186
175	187
175	188
175	189
175	190
175	191
175	192
175	193
175	198
175	199
176	177
176	178
176	179
176	180
176	181
176	182
176	183
176	184
176	185
176	186
176	187
176	189
176	191
176	192
176	193
176	201
177	178
177	179
177	180
177	181
177	182
177	183
177	184
177	185
177	186
177	187
177	188
177	189
177	190
177	191
177	192
177	193
177	197
177	198
177	199
177	201
177	204
178	179
178	180
178	181
178	182
178	183
178	184
178	185
178	186
178	187
178	188
178	189
178	190
178	191
178	192
178	193
178	195
178	196
178	197
178	198
178	200
178	201
178	202
178	203
179	180
179	181
179	182
179	183
179	184
179	185
179	186
179	187
179	188
179	189
179	190
179	191
179	192
179	193
179	195
179	196
179	197
179	198
179	199
179	200
179	201
179	202
179	203
179	205
180	181
180	182
180	183
180	184
180	185
180	186
180	187
180	188
180	189
180	190
180	191
180	192
180	193
180	194
180	195
180	196
180	197
180	198
180	199
180	201
181	182
181	183
181	184
181	185
181	186
181	187
181	188
181	189
181	190
181	191
181	192
181	193
181	195
181	196
181	197
181	198
181	199
181	200
181	201
181	202
181	205
182	183
182	184
182	185
182	186
182	187
182	188
182	189
182	190
182	191
182	192
182	193
182	194
182	197
182	198
182	199
182	200
182	201
182	203
183	184
183	185
183	186
183	187
183	188
183	189
183	190
183	191
183	192
183	193
183	194
183	195
183	197
183	198
183	199
183	200
184	185
184	186
184	187
184	188
184	189
184	190
184	191
184	192
184	193
184	194
184	195
184	196
184	197
184	198
184	199
184	200
184	201
184	202
184	203
184	204
184	205
185	186
185	187
185	188
185	189
185	190
185	191
185	192
185	193
185	196
185	197
185	198
185	199
185	205
186	187
186	188
186	189
186	190
186	191
186	192
186	193
186	195
186	196
186	197
186	198
186	199
187	188
187	189
187	190
187	191
187	192
187	194
187	195
187	196
187	197
187	198
187	199
187	200
187	202
188	189
188	190
188	191
188	192
188	193
188	194
188	195
188	197
188	198
188	199
188	205
189	190
189	191
189	192
189	193
189	199
190	191
190	192
190	193
190	194
190	197
190	198
190	199
191	192
191	193
191	195
191	197
191	198
191	200
191	201
191	202
191	203
191	204
192	193
192	205
193	205
194	195
194	196
194	197
194	198
194	199
194	202
195	196
195	197
195	198
195	199
195	200
195	201
195	202
195	203
195	204
195	205
196	197
196	198
196	199
196	200
196	201
196	202
196	203
196	204
196	205
197	198
197	199
197	200
197	201
197	202
197	203
197	204
197	205
198	199
198	200
198	202
198	203
198	204
199	200
199	201
199	202
199	204
200	201
200	202
200	203
200	204
200	205
201	202
201	203
201	204
201	205
202	203
202	204
202	205
203	204
203	205
204	205
