0	1
0	2
0	3
0	4
0	5
0	6
0	7
0	8
0	9
0	10
0	11
0	12
0	13
0	14
0	15
0	16
0	17
0	18
0	19
0	20
0	21
0	22
0	23
0	24
0	25
0	26
0	27
0	28
0	29
0	30
0	31
0	32
0	33
0	34
0	35
0	36
0	37
0	38
0	39
0	40
0	41
0	42
0	43
0	44
0	45
0	46
0	47
0	48
0	49
0	50
0	51
0	52
0	53
0	54
0	55
0	56
0	57
0	58
0	59
0	61
0	63
0	66
0	67
0	68
0	69
0	70
0	71
0	72
0	73
0	74
0	75
0	76
0	77
0	78
0	79
0	80
0	81
0	82
0	83
0	84
0	85
0	86
0	87
0	88
0	89
0	90
0	91
0	92
0	93
0	94
0	95
0	96
0	97
0	98
0	99
0	100
0	101
0	102
0	103
0	104
0	105
0	106
0	107
0	108
0	109
0	110
0	111
0	112
0	113
0	114
0	115
0	116
0	117
0	118
0	119
0	120
0	121
0	122
0	123
0	124
0	126
0	127
0	128
0	129
0	130
0	131
0	132
0	133
0	134
0	135
0	136
0	137
0	138
0	139
0	140
0	141
0	142
0	143
0	144
0	145
0	146
0	147
0	148
0	150
0	151
0	152
0	153
0	154
0	155
0	156
0	157
0	159
0	160
0	161
0	162
0	165
0	166
0	168
0	169
0	170
0	171
0	172
0	173
0	174
0	175
0	176
0	177
0	178
0	179
0	180
0	181
0	182
0	183
0	184
0	185
0	186
0	187
0	188
0	189
0	190
0	191
0	192
0	193
0	194
0	195
0	196
0	197
0	198
0	199
0	200
0	201
0	202
0	203
0	204
0	205
1	2
1	3
1	4
1	5
1	6
1	7
1	8
1	9
1	10
1	11
1	12
1	13
1	14
1	15
1	16
1	17
1	18
1	19
1	20
1	21
1	22
1	23
1	24
1	25
1	26
1	27
1	28
1	29
1	30
1	31
1	32
1	33
1	34
1	35
1	36
1	38
1	39
1	40
1	41
1	42
1	43
1	45
1	46
1	47
1	48
1	49
1	51
1	53
1	54
1	55
1	56
1	57
1	58
1	61
1	67
1	69
1	71
1	72
1	73
1	74
1	75
1	76
1	77
1	78
1	79
1	81
1	82
1	83
1	85
1	87
1	88
1	89
1	92
1	95
1	96
1	97
1	98
1	99
1	100
1	101
1	102
1	103
1	104
1	105
1	106
1	107
1	108
1	109
1	110
1	111
1	112
1	113
1	114
1	115
1	116
1	117
1	118
1	119
1	120
1	121
1	122
1	123
1	124
1	127
1	130
1	132
1	133
1	134
1	135
1	136
1	141
1	143
1	147
1	151
1	155
1	162
1	168
1	170
1	171
1	173
1	174
1	178
1	179
1	180
1	184
1	187
1	189
1	190
1	191
1	192
1	193
1	194
1	195
1	196
1	197
1	198
1	199
1	200
1	201
1	202
1	204
2	3
2	4
2	5
2	6
2	7
2	8
2	9
2	10
2	11
2	12
2	13
2	14
2	15
2	16
2	17
2	18
2	19
2	20
2	21
2	22
2	23
2	24
2	25
2	26
2	27
2	28
2	29
2	30
2	31
2	32
2	33
2	34
2	35
2	36
2	38
2	39
2	41
2	42
2	43
2	44
2	45
2	47
2	48
2	49
2	50
2	51
2	53
2	54
2	55
2	56
2	57
2	58
2	63
2	66
2	67
2	69
2	70
2	71
2	72
2	73
2	76
2	77
2	78
2	79
2	80
2	85
2	86
2	87
2	88
2	90
2	93
2	95
2	96
2	97
2	98
2	99
2	100
2	101
2	102
2	103
2	104
2	105
2	106
2	107
2	108
2	109
2	110
2	111
2	112
2	113
2	114
2	115
2	116
2	117
2	118
2	119
2	120
2	121
2	122
2	123
2	124
2	127
2	131
2	132
2	133
2	134
2	135
2	137
2	138
2	140
2	141
2	143
2	144
2	146
2	149
2	152
2	155
2	156
2	160
2	162
2	165
2	166
2	167
2	168
2	169
2	171
2	173
2	174
2	175
2	176
2	179
2	180
2	182
2	184
2	186
2	187
2	188
2	191
2	193
2	195
2	196
2	197
2	198
2	199
2	200
2	201
2	202
2	203
2	204
2	205
3	4
3	5
3	6
3	7
3	8
3	9
3	10
3	11
3	12
3	13
3	14
3	15
3	16
3	17
3	18
3	19
3	20
3	21
3	22
3	23
3	24
3	25
3	26
3	27
3	28
3	29
3	30
3	31
3	32
3	33
3	34
3	35
3	36
3	37
3	38
3	39
3	43
3	44
3	46
3	51
3	54
3	55
3	58
3	67
3	70
3	73
3	74
3	95
3	96
3	97
3	99
3	100
3	101
3	102
3	103
3	104
3	105
3	106
3	107
3	108
3	110
3	111
3	112
3	113
3	114
3	115
3	116
3	117
3	118
3	120
3	121
3	130
3	133
3	134
3	143
3	165
3	172
3	178
3	193
3	195
3	199
3	200
3	203
3	204
4	5
4	6
4	7
4	8
4	9
4	10
4	11
4	12
4	13
4	18
4	19
4	20
4	21
4	22
4	23
4	24
4	25
4	26
4	27
4	28
4	29
4	30
4	31
4	32
4	33
4	34
4	35
4	36
4	37
4	38
4	39
4	42
4	43
4	45
4	47
4	54
4	55
4	57
4	67
4	79
4	83
4	95
4	97
4	100
4	101
4	102
4	103
4	104
4	105
4	106
4	107
4	114
4	123
4	131
4	136
4	203
4	204
5	6
5	7
5	8
5	9
5	10
5	11
5	12
5	13
5	14
5	15
5	16
5	17
5	18
5	19
5	20
5	21
5	22
5	23
5	24
5	25
5	26
5	27
5	30
5	31
5	32
5	33
5	34
5	35
5	36
5	38
5	39
5	42
5	43
5	45
5	46
5	48
5	49
5	50
5	51
5	52
5	53
5	54
5	55
5	56
5	57
5	58
5	59
5	62
5	63
5	66
5	67
5	69
5	70
5	72
5	74
5	75
5	76
5	77
5	79
5	86
5	87
5	88
5	89
5	90
5	93
5	95
5	96
5	97
5	98
5	99
5	100
5	101
5	102
5	103
5	104
5	105
5	106
5	107
5	108
5	109
5	110
5	111
5	112
5	113
5	114
5	115
5	116
5	117
5	118
5	119
5	120
5	121
5	122
5	123
5	124
5	125
5	126
5	127
5	129
5	130
5	131
5	132
5	133
5	134
5	135
5	137
5	138
5	139
5	140
5	141
5	142
5	155
5	157
5	159
5	165
5	167
5	168
5	170
5	173
5	176
5	179
5	180
5	182
5	185
5	186
5	191
5	195
5	196
5	197
5	198
5	199
5	200
5	201
5	202
5	203
5	204
5	205
6	7
6	8
6	9
6	10
6	11
6	12
6	13
6	14
6	15
6	16
6	17
6	18
6	19
6	20
6	21
6	22
6	23
6	25
6	26
6	27
6	30
6	31
6	32
6	33
6	42
6	47
6	49
6	50
6	51
6	53
6	54
6	55
6	56
6	58
6	59
6	63
6	69
6	70
6	72
6	73
6	75
6	77
6	78
6	79
6	83
6	90
6	95
6	96
6	97
6	98
6	99
6	100
6	101
6	102
6	103
6	104
6	105
6	106
6	107
6	108
6	109
6	110
6	111
6	112
6	113
6	114
6	115
6	116
6	117
6	118
6	119
6	120
6	122
6	123
6	124
6	127
6	130
6	133
6	134
6	135
6	136
6	137
6	140
6	141
6	144
6	146
6	155
6	157
6	166
6	168
6	172
6	176
6	177
6	178
6	181
6	185
6	186
6	187
6	196
6	197
6	198
6	199
6	200
6	201
6	203
6	204
6	205
7	8
7	9
7	10
7	11
7	12
7	13
7	15
7	16
7	17
7	18
7	19
7	20
7	22
7	24
7	26
7	28
7	29
7	30
7	31
7	32
7	33
7	34
7	35
7	36
7	37
7	38
7	40
7	42
7	46
7	47
7	51
7	52
7	54
7	55
7	56
7	57
7	58
7	61
7	67
7	68
7	69
7	70
7	72
7	74
7	77
7	78
7	79
7	83
7	89
7	90
7	95
7	96
7	97
7	99
7	100
7	101
7	102
7	103
7	104
7	105
7	106
7	107
7	108
7	109
7	110
7	111
7	112
7	113
7	114
7	115
7	116
7	117
7	118
7	119
7	120
7	122
7	123
7	124
7	126
7	129
7	134
7	138
7	143
7	168
7	172
7	174
7	176
7	178
7	179
7	180
7	187
7	188
7	191
7	195
7	196
7	198
7	199
7	200
7	201
7	202
7	203
7	204
8	9
8	10
8	11
8	12
8	13
8	14
8	15
8	16
8	18
8	19
8	20
8	21
8	23
8	24
8	25
8	26
8	27
8	28
8	29
8	30
8	31
8	32
8	35
8	40
8	41
8	43
8	54
8	58
8	92
8	95
8	97
8	98
8	99
8	100
8	101
8	103
8	104
8	105
8	106
8	107
8	108
8	111
8	113
8	114
8	116
8	117
8	118
8	123
8	124
8	131
8	156
8	181
8	186
8	197
8	204
9	10
9	11
9	12
9	13
9	14
9	15
9	16
9	17
9	18
9	19
9	20
9	21
9	22
9	23
9	24
9	25
9	26
9	27
9	28
9	30
9	31
9	32
9	33
9	34
9	35
9	36
9	38
9	42
9	46
9	49
9	51
9	53
9	54
9	55
9	57
9	71
9	76
9	79
9	83
9	95
9	96
9	97
9	98
9	99
9	100
9	101
9	102
9	103
9	104
9	105
9	106
9	107
9	108
9	112
9	113
9	114
9	115
9	116
9	117
9	118
9	120
9	122
9	130
9	133
9	141
9	142
9	170
9	180
9	185
9	187
9	192
9	200
9	201
9	204
9	205
10	11
10	12
10	13
10	14
10	15
10	16
10	17
10	18
10	19
10	20
10	21
10	22
10	23
10	24
10	26
10	27
10	28
10	29
10	30
10	31
10	32
10	33
10	34
10	35
10	36
10	38
10	39
10	40
10	41
10	42
10	43
10	45
10	47
10	51
10	53
10	57
10	58
10	69
10	70
10	72
10	79
10	83
10	92
10	95
10	96
10	97
10	98
10	99
10	100
10	101
10	103
10	104
10	105
10	106
10	107
10	108
10	109
10	110
10	111
10	113
10	114
10	115
10	116
10	117
10	118
10	119
10	120
10	121
10	122
10	123
10	127
10	129
10	130
10	131
10	133
10	134
10	140
10	156
10	165
10	172
10	173
10	175
10	183
10	184
10	186
10	187
10	190
10	196
10	197
10	198
10	200
10	202
10	203
10	204
11	12
11	13
11	16
11	17
11	18
11	19
11	20
11	22
11	23
11	24
11	26
11	27
11	28
11	29
11	30
11	32
11	33
11	35
11	39
11	43
11	44
11	45
11	46
11	50
11	52
11	53
11	55
11	56
11	57
11	63
11	67
11	69
11	71
11	73
11	76
11	86
11	92
11	95
11	96
11	97
11	98
11	99
11	100
11	101
11	102
11	104
11	105
11	106
11	107
11	108
11	110
11	113
11	114
11	115
11	116
11	117
11	118
11	123
11	130
11	133
11	134
11	140
11	142
11	147
11	159
11	172
11	174
11	175
11	182
11	185
11	191
11	195
11	199
11	203
11	204
11	205
12	13
12	14
12	15
12	16
12	17
12	18
12	19
12	21
12	23
12	26
12	27
12	29
12	31
12	34
12	39
12	42
12	47
12	49
12	52
12	54
12	57
12	58
12	95
12	96
12	97
12	99
12	101
12	104
12	105
12	106
12	108
12	109
12	111
12	112
12	113
12	114
12	115
12	116
12	122
12	124
12	126
12	130
12	131
12	134
12	156
12	168
12	171
12	172
12	173
12	175
12	182
12	185
12	187
12	191
12	192
12	195
12	196
12	197
12	204
13	14
13	15
13	16
13	17
13	18
13	19
13	20
13	21
13	31
13	45
13	47
13	54
13	58
13	95
13	96
13	97
13	99
13	100
13	103
13	105
13	106
13	107
13	111
13	112
13	115
13	126
13	127
13	131
13	134
13	159
13	169
13	174
13	177
13	182
14	15
14	16
14	17
14	18
14	71
14	72
14	74
14	101
14	103
14	104
14	106
14	109
14	110
14	111
14	113
14	114
14	115
14	116
14	117
14	118
14	120
14	197
14	198
14	203
14	204
15	16
15	17
15	18
15	19
15	26
15	27
15	29
15	31
15	42
15	52
15	92
15	97
15	98
15	107
15	111
15	116
15	159
15	183
15	187
15	200
16	17
16	18
16	19
16	20
16	21
16	22
16	23
16	24
16	25
16	26
16	27
16	28
16	29
16	30
16	31
16	32
16	33
16	34
16	35
16	37
16	38
16	39
16	40
16	41
16	42
16	43
16	45
16	46
16	47
16	49
16	50
16	51
16	52
16	53
16	54
16	55
16	56
16	58
16	61
16	66
16	69
16	70
16	71
16	72
16	74
16	75
16	76
16	77
16	78
16	79
16	80
16	83
16	85
16	86
16	87
16	88
16	89
16	90
16	91
16	93
16	94
16	95
16	96
16	97
16	98
16	99
16	100
16	101
16	102
16	103
16	104
16	105
16	106
16	107
16	108
16	109
16	110
16	111
16	112
16	113
16	114
16	115
16	116
16	117
16	118
16	119
16	120
16	121
16	122
16	123
16	124
16	125
16	126
16	127
16	128
16	129
16	130
16	131
16	132
16	133
16	134
16	135
16	137
16	138
16	139
16	140
16	141
16	143
16	144
16	145
16	146
16	147
16	152
16	154
16	155
16	156
16	157
16	159
16	160
16	161
16	165
16	166
16	168
16	169
16	170
16	171
16	172
16	173
16	174
16	175
16	176
16	177
16	178
16	179
16	180
16	181
16	182
16	183
16	184
16	185
16	186
16	187
16	189
16	190
16	191
16	192
16	193
16	195
16	196
16	197
16	198
16	199
16	200
16	201
16	202
16	203
16	204
16	205
17	18
17	19
17	20
17	22
17	33
17	41
17	48
17	49
17	50
17	51
17	52
17	53
17	54
17	55
17	56
17	58
17	59
17	62
17	63
17	64
17	68
17	70
17	71
17	72
17	74
17	76
17	77
17	78
17	79
17	80
17	86
17	88
17	91
17	95
17	96
17	97
17	99
17	100
17	101
17	102
17	103
17	104
17	105
17	106
17	108
17	109
17	110
17	111
17	112
17	113
17	114
17	115
17	116
17	117
17	118
17	119
17	120
17	121
17	122
17	123
17	125
17	129
17	130
17	131
17	134
17	135
17	140
17	141
17	142
17	143
17	144
17	145
17	146
17	152
17	157
17	159
17	162
17	167
17	171
17	173
17	174
17	178
17	179
17	180
17	181
17	186
17	187
17	188
17	192
17	194
17	195
17	196
17	197
17	198
17	199
17	200
17	201
17	202
17	203
17	204
17	205
18	19
18	31
18	51
18	73
18	77
18	95
18	96
18	97
18	105
18	106
18	107
18	109
18	113
18	133
18	142
18	180
18	182
18	183
18	187
18	193
18	197
18	198
18	199
18	201
18	204
19	20
19	21
19	22
19	23
19	27
19	29
19	31
19	34
19	43
19	45
19	74
19	95
19	97
19	101
19	147
19	170
19	174
19	178
19	186
19	196
19	198
19	200
19	201
19	202
19	203
19	204
19	205
20	21
20	22
20	23
20	24
20	25
20	26
20	27
20	28
20	29
20	30
20	32
20	33
20	34
20	35
20	38
20	39
20	42
20	43
20	73
20	86
20	100
20	103
20	105
20	111
20	117
20	124
20	126
20	127
20	203
20	204
21	22
21	23
21	24
21	26
21	27
21	28
21	29
21	30
21	31
21	32
21	33
21	34
21	35
21	36
21	37
21	38
21	39
21	42
21	44
21	47
21	102
21	106
21	124
21	129
21	168
21	182
21	204
22	23
22	24
22	25
22	26
22	27
22	28
22	29
22	30
22	31
22	32
22	33
22	34
22	35
22	36
22	37
22	38
22	39
22	40
22	41
22	42
22	43
22	45
22	46
22	47
22	48
22	49
22	51
22	53
22	54
22	55
22	56
22	57
22	58
22	59
22	61
22	69
22	72
22	75
22	78
22	79
22	88
22	95
22	96
22	98
22	99
22	100
22	101
22	102
22	103
22	104
22	105
22	106
22	107
22	108
22	109
22	111
22	113
22	118
22	123
22	124
22	126
22	128
22	139
22	142
22	168
22	171
22	172
22	174
22	175
22	180
22	191
22	195
22	202
23	24
23	25
23	26
23	27
23	28
23	29
23	30
23	31
23	32
23	33
23	34
23	35
23	36
23	37
23	38
23	39
23	40
23	42
23	43
23	45
23	46
23	47
23	48
23	49
23	53
23	54
23	56
23	57
23	61
23	67
23	81
23	83
23	91
23	94
23	95
23	96
23	97
23	99
23	100
23	102
23	103
23	117
23	122
23	129
23	132
23	147
23	151
23	169
23	171
23	182
23	189
23	196
24	25
24	26
24	27
24	28
24	29
24	30
24	31
24	32
24	33
24	34
24	35
24	36
24	37
24	43
24	45
24	46
24	47
24	56
24	99
24	100
24	102
24	104
24	107
24	110
24	143
24	178
24	199
25	26
25	27
25	28
25	29
25	30
25	31
25	32
25	33
25	34
25	35
25	36
25	38
25	45
25	55
25	75
25	99
25	100
25	102
25	107
25	117
25	168
25	175
26	27
26	28
26	29
26	30
26	31
26	32
26	33
26	34
26	35
26	36
26	38
26	39
26	41
26	42
26	43
26	45
26	47
26	67
26	74
26	75
26	77
26	96
26	100
26	101
26	102
26	103
26	104
26	105
26	106
26	107
26	125
26	137
26	168
26	170
26	172
27	28
27	29
27	30
27	31
27	32
27	33
27	34
27	35
27	36
27	38
27	41
27	42
27	43
27	45
27	47
27	54
27	56
27	99
27	115
27	133
28	29
28	30
28	31
28	32
28	33
28	34
28	35
28	36
28	37
28	38
28	41
28	42
28	45
28	46
28	47
28	56
28	99
28	105
28	205
29	30
29	31
29	32
29	33
29	34
29	35
29	36
29	37
29	38
29	39
29	40
29	46
29	47
29	55
29	107
29	205
30	31
30	32
30	33
30	34
30	35
30	36
30	37
30	38
30	39
30	42
30	43
30	45
30	46
30	47
30	53
30	67
30	107
31	32
31	33
31	34
31	35
31	36
31	37
31	38
31	39
31	42
31	43
31	47
31	67
31	74
31	87
31	97
31	100
31	102
31	105
31	106
31	134
31	169
31	193
31	195
32	33
32	34
32	35
32	36
32	37
32	38
32	39
32	41
32	42
32	45
32	46
32	47
32	54
32	55
32	67
32	68
32	73
32	74
32	75
32	89
32	95
32	97
32	99
32	100
32	102
32	104
32	105
32	106
32	107
32	114
32	125
32	168
32	193
32	195
32	198
33	34
33	35
33	36
33	37
33	38
33	39
33	40
33	41
33	42
33	43
33	44
33	45
33	46
33	47
33	50
33	51
33	53
33	54
33	55
33	56
33	57
33	58
33	59
33	61
33	65
33	68
33	70
33	74
33	82
33	83
33	88
33	95
33	96
33	97
33	99
33	100
33	101
33	102
33	103
33	104
33	105
33	106
33	107
33	108
33	109
33	110
33	111
33	123
33	124
33	129
33	135
33	136
33	142
33	143
33	153
33	159
33	168
33	169
33	171
33	172
33	174
33	179
33	185
33	195
33	196
34	35
34	36
34	37
34	38
34	39
34	40
34	41
34	42
34	43
34	45
34	47
34	49
34	50
34	51
34	52
34	55
34	56
34	58
34	68
34	74
34	95
34	96
34	97
34	99
34	100
34	101
34	102
34	103
34	104
34	105
34	106
34	107
34	115
34	124
34	127
34	140
34	165
34	182
34	187
34	192
34	198
35	36
35	37
35	38
35	39
35	40
35	42
35	43
35	45
35	47
35	96
35	97
35	99
35	100
35	103
35	105
35	107
35	130
35	133
35	159
35	172
35	195
35	197
35	204
36	37
36	38
36	39
36	41
36	45
36	47
36	96
36	100
36	102
36	107
36	124
36	194
37	38
37	45
37	54
37	96
37	97
37	100
37	185
37	190
38	39
38	40
38	42
38	45
38	46
38	47
38	70
38	96
38	99
38	100
38	101
38	105
38	107
38	108
38	127
38	128
38	134
38	196
38	205
39	42
39	45
39	47
39	71
39	72
39	96
39	97
39	98
39	124
40	41
40	42
40	43
40	44
40	45
40	47
40	96
40	103
40	105
40	112
40	130
41	42
41	43
41	44
41	45
41	47
41	74
41	97
41	102
41	106
41	194
42	43
42	44
42	45
42	46
42	47
42	51
42	57
42	67
42	74
42	95
42	96
42	98
42	99
42	100
42	102
42	104
42	105
42	107
42	124
42	129
42	134
42	165
43	44
43	45
43	46
43	47
43	95
43	96
43	97
43	99
43	100
43	102
43	106
43	107
43	124
43	134
43	169
44	45
44	47
44	56
44	102
44	107
45	46
45	47
45	96
45	99
45	100
45	102
45	104
45	107
45	147
45	184
46	47
46	103
47	54
47	95
47	96
47	97
47	99
47	100
47	102
47	103
47	104
47	105
47	106
47	107
47	113
47	114
47	130
47	134
47	182
47	189
48	49
48	50
48	51
48	52
48	53
48	54
48	55
48	56
48	57
48	58
48	59
48	60
48	61
48	62
48	63
48	64
48	65
48	66
48	67
48	68
48	69
48	70
48	71
48	72
48	73
48	74
48	75
48	76
48	77
48	78
48	79
48	80
48	81
48	82
48	83
48	84
48	85
48	86
48	87
48	88
48	89
48	90
48	91
48	92
48	93
48	94
48	95
48	96
48	97
48	98
48	99
48	100
48	101
48	102
48	103
48	104
48	105
48	106
48	107
48	108
48	109
48	110
48	111
48	112
48	113
48	114
48	115
48	116
48	117
48	118
48	119
48	120
48	121
48	122
48	123
48	124
48	125
48	127
48	129
48	130
48	131
48	132
48	133
48	135
48	136
48	137
48	138
48	139
48	140
48	141
48	142
48	143
48	144
48	145
48	146
48	147
48	148
48	150
48	151
48	152
48	153
48	155
48	158
48	159
48	160
48	162
48	165
48	166
48	167
48	168
48	169
48	170
48	171
48	172
48	173
48	174
48	175
48	176
48	177
48	178
48	179
48	180
48	181
48	182
48	183
48	184
48	185
48	186
48	187
48	188
48	189
48	190
48	191
48	192
48	193
48	194
48	195
48	196
48	197
48	198
48	199
48	200
48	201
48	202
48	203
48	204
48	205
49	50
49	51
49	52
49	53
49	54
49	55
49	56
49	57
49	58
49	59
49	60
49	61
49	62
49	63
49	64
49	66
49	67
49	68
49	69
49	70
49	71
49	72
49	73
49	74
49	75
49	76
49	77
49	78
49	79
49	80
49	81
49	84
49	85
49	86
49	87
49	88
49	89
49	90
49	92
49	93
49	94
49	95
49	96
49	97
49	98
49	99
49	100
49	101
49	102
49	103
49	104
49	105
49	107
49	108
49	109
49	110
49	111
49	112
49	113
49	114
49	115
49	116
49	117
49	118
49	119
49	120
49	121
49	122
49	123
49	124
49	126
49	131
49	132
49	133
49	135
49	136
49	137
49	139
49	141
49	142
49	147
49	152
49	155
49	160
49	166
49	172
49	173
49	174
49	176
49	177
49	178
49	179
49	182
49	185
49	188
49	189
49	191
49	196
49	197
49	199
49	200
49	201
49	202
50	51
50	52
50	53
50	54
50	55
50	56
50	57
50	58
50	59
50	62
50	63
50	64
50	65
50	66
50	67
50	68
50	69
50	70
50	71
50	72
50	73
50	74
50	75
50	77
50	78
50	79
50	80
50	82
50	87
50	88
50	90
50	91
50	92
50	93
50	94
50	98
50	99
50	101
50	103
50	104
50	105
50	107
50	108
50	109
50	110
50	111
50	112
50	113
50	114
50	115
50	116
50	117
50	118
50	119
50	120
50	121
50	122
50	123
50	126
50	130
50	132
50	140
50	147
50	169
50	170
50	175
50	176
50	177
50	179
50	180
50	182
50	183
50	184
50	190
50	192
50	194
50	195
50	196
50	197
50	198
50	200
50	202
50	203
51	52
51	53
51	54
51	55
51	56
51	57
51	58
51	59
51	60
51	62
51	63
51	64
51	65
51	66
51	67
51	68
51	69
51	70
51	71
51	72
51	73
51	74
51	75
51	76
51	77
51	78
51	79
51	80
51	81
51	85
51	86
51	88
51	90
51	92
51	93
51	94
51	95
51	96
51	97
51	98
51	99
51	100
51	101
51	102
51	103
51	104
51	105
51	106
51	107
51	108
51	109
51	110
51	111
51	113
51	114
51	115
51	116
51	117
51	118
51	119
51	120
51	121
51	124
51	125
51	126
51	127
51	129
51	130
51	134
51	140
51	149
51	151
51	156
51	157
51	159
51	162
51	169
51	170
51	172
51	174
51	177
51	181
51	188
51	189
51	191
51	192
51	194
51	195
51	196
51	199
51	200
51	201
51	202
51	204
52	53
52	54
52	55
52	56
52	57
52	58
52	59
52	61
52	62
52	63
52	64
52	66
52	67
52	68
52	69
52	70
52	71
52	73
52	74
52	75
52	77
52	78
52	79
52	80
52	82
52	86
52	87
52	88
52	90
52	95
52	97
52	98
52	100
52	101
52	103
52	104
52	107
52	108
52	109
52	110
52	111
52	113
52	114
52	115
52	116
52	118
52	119
52	120
52	121
52	122
52	126
52	128
52	132
52	142
52	178
52	182
52	190
52	198
52	199
52	200
52	202
53	54
53	55
53	56
53	57
53	58
53	59
53	60
53	61
53	62
53	63
53	64
53	65
53	66
53	67
53	69
53	70
53	71
53	72
53	73
53	74
53	75
53	76
53	77
53	78
53	79
53	80
53	82
53	86
53	87
53	88
53	90
53	91
53	93
53	95
53	96
53	97
53	98
53	100
53	101
53	102
53	103
53	104
53	105
53	106
53	108
53	109
53	110
53	111
53	115
53	116
53	118
53	120
53	122
53	123
53	125
53	127
53	133
53	136
53	137
53	140
53	144
53	146
53	151
53	154
53	165
53	170
53	171
53	173
53	174
53	182
53	183
53	191
53	193
53	200
53	201
53	202
53	204
54	55
54	56
54	57
54	58
54	59
54	60
54	62
54	63
54	64
54	65
54	67
54	70
54	75
54	77
54	78
54	87
54	88
54	89
54	90
54	93
54	95
54	96
54	97
54	98
54	99
54	100
54	101
54	102
54	103
54	104
54	105
54	106
54	107
54	108
54	110
54	112
54	113
54	114
54	115
54	117
54	120
54	123
54	160
54	161
54	189
54	194
54	202
54	205
55	56
55	57
55	58
55	59
55	60
55	61
55	62
55	63
55	64
55	65
55	67
55	69
55	70
55	71
55	73
55	75
55	76
55	77
55	80
55	81
55	83
55	84
55	86
55	88
55	89
55	91
55	93
55	94
55	95
55	96
55	97
55	98
55	100
55	101
55	102
55	103
55	104
55	105
55	106
55	107
55	108
55	109
55	110
55	111
55	112
55	113
55	118
55	119
55	120
55	122
55	125
55	132
55	136
55	146
55	156
55	159
55	172
55	174
55	179
55	180
55	183
55	185
55	186
55	192
55	194
55	197
55	199
55	200
55	202
55	203
56	57
56	58
56	59
56	61
56	62
56	63
56	64
56	67
56	69
56	70
56	71
56	73
56	74
56	75
56	77
56	78
56	79
56	80
56	81
56	85
56	86
56	87
56	92
56	95
56	96
56	97
56	98
56	102
56	103
56	104
56	105
56	106
56	107
56	108
56	109
56	115
56	116
56	118
56	120
56	122
56	127
56	129
56	135
56	136
56	138
56	145
56	149
56	151
56	161
56	172
56	183
56	192
56	194
56	197
56	199
56	200
56	201
56	204
57	58
57	59
57	63
57	66
57	69
57	70
57	71
57	73
57	74
57	75
57	76
57	77
57	78
57	79
57	80
57	82
57	98
57	104
57	106
57	110
57	111
57	113
57	114
57	116
57	117
57	118
57	120
57	122
57	133
57	142
57	160
57	161
57	180
57	184
57	186
57	189
57	202
57	205
58	59
58	60
58	61
58	62
58	63
58	64
58	65
58	67
58	69
58	70
58	71
58	73
58	74
58	75
58	77
58	79
58	80
58	86
58	91
58	92
58	95
58	97
58	98
58	100
58	101
58	102
58	103
58	104
58	105
58	106
58	107
58	110
58	114
58	115
58	116
58	120
58	122
58	126
58	133
58	134
58	139
58	143
58	178
58	182
59	60
59	61
59	62
59	63
59	64
59	65
59	66
59	67
59	68
59	69
59	70
59	71
59	72
59	73
59	74
59	75
59	76
59	77
59	78
59	79
59	80
59	81
59	82
59	83
59	84
59	85
59	86
59	87
59	88
59	89
59	90
59	91
59	92
59	93
59	94
59	95
59	96
59	97
59	98
59	99
59	100
59	102
59	104
59	105
59	107
59	108
59	109
59	110
59	112
59	115
59	116
59	117
59	118
59	119
59	120
59	121
59	122
59	123
59	124
59	126
59	127
59	130
59	131
59	132
59	135
59	137
59	138
59	139
59	140
59	141
59	142
59	143
59	144
59	145
59	146
59	148
59	165
59	167
59	171
59	173
59	174
59	175
59	177
59	178
59	180
59	181
59	183
59	184
59	185
59	186
59	187
59	188
59	189
59	190
59	191
59	192
59	195
59	196
59	197
59	198
59	199
59	200
59	202
59	203
60	61
60	62
60	63
60	64
60	65
60	66
60	67
60	68
60	69
60	70
60	71
60	72
60	73
60	74
60	75
60	76
60	77
60	78
60	79
60	80
60	82
60	83
60	84
60	85
60	86
60	87
60	88
60	89
60	91
60	92
60	93
60	94
60	95
60	96
60	98
60	100
60	101
60	102
60	103
60	104
60	107
60	108
60	109
60	110
60	111
60	112
60	114
60	115
60	116
60	117
60	119
60	120
60	121
60	122
60	123
60	127
60	128
60	132
60	133
60	135
60	136
60	139
60	140
60	141
60	142
60	143
60	144
60	145
60	146
60	147
60	151
60	152
60	153
60	154
60	156
60	166
60	171
60	172
60	173
60	175
60	176
60	177
60	178
60	179
60	180
60	183
60	185
60	186
60	187
60	188
60	189
60	190
60	191
60	192
60	196
60	199
60	201
60	204
60	205
61	62
61	63
61	64
61	65
61	66
61	67
61	68
61	69
61	70
61	71
61	72
61	73
61	75
61	76
61	77
61	78
61	82
61	83
61	84
61	85
61	86
61	87
61	88
61	89
61	90
61	94
61	96
61	98
61	99
61	100
61	101
61	103
61	104
61	105
61	106
61	107
61	108
61	109
61	112
61	117
61	119
61	120
61	121
61	126
61	127
61	130
61	131
61	135
61	143
61	146
61	148
61	152
61	160
61	162
61	164
61	174
61	175
61	183
61	185
61	187
61	188
61	190
61	191
61	193
61	194
61	198
61	200
62	63
62	64
62	65
62	66
62	67
62	68
62	69
62	70
62	71
62	72
62	73
62	74
62	75
62	76
62	77
62	78
62	80
62	86
62	90
62	91
62	93
62	94
62	98
62	99
62	102
62	103
62	104
62	109
62	110
62	111
62	112
62	113
62	114
62	115
62	116
62	118
62	119
62	120
62	121
62	122
62	123
62	125
62	126
62	131
62	139
62	144
62	145
62	146
62	152
62	159
62	160
62	165
62	170
62	175
62	178
62	180
62	181
62	183
62	185
62	187
62	189
62	196
62	198
62	199
62	202
62	204
62	205
63	64
63	65
63	66
63	68
63	70
63	71
63	72
63	73
63	75
63	77
63	78
63	79
63	80
63	86
63	93
63	98
63	104
63	122
63	126
63	131
63	141
63	147
63	169
63	176
64	65
64	66
64	67
64	68
64	69
64	70
64	72
64	75
64	78
64	80
64	86
64	87
64	88
64	89
64	92
64	93
64	94
64	98
64	99
64	108
64	110
64	117
64	120
64	121
64	130
64	135
64	137
64	138
64	139
64	141
64	142
64	145
64	146
64	176
64	177
64	180
64	181
64	183
64	185
64	186
64	187
64	188
64	194
64	200
65	66
65	67
65	68
65	69
65	70
65	71
65	72
65	73
65	74
65	75
65	77
65	79
65	80
65	83
65	84
65	86
65	87
65	88
65	89
65	90
65	91
65	92
65	93
65	94
65	95
65	96
65	99
65	103
65	104
65	105
65	107
65	109
65	110
65	112
65	114
65	117
65	118
65	120
65	122
65	123
65	128
65	129
65	132
65	133
65	135
65	136
65	137
65	138
65	139
65	140
65	141
65	142
65	143
65	145
65	146
65	147
65	149
65	153
65	154
65	157
65	159
65	162
65	164
65	165
65	166
65	167
65	169
65	171
65	173
65	174
65	175
65	180
65	182
65	184
65	185
65	188
65	189
65	190
65	191
65	192
65	193
65	197
65	199
65	200
65	203
66	67
66	68
66	69
66	70
66	71
66	73
66	75
66	76
66	79
66	80
66	83
66	85
66	86
66	87
66	88
66	90
66	91
66	92
66	93
66	94
66	102
66	131
66	132
66	133
66	136
66	138
66	143
66	147
66	166
66	169
66	173
66	180
66	188
67	68
67	85
67	94
67	102
67	134
67	144
67	152
67	156
67	170
67	189
68	70
68	72
68	80
68	86
68	87
68	94
68	103
68	105
68	121
68	146
68	161
68	169
68	179
68	201
69	70
69	71
69	72
69	73
69	74
69	75
69	76
69	77
69	78
69	79
69	80
69	81
69	83
69	84
69	85
69	86
69	87
69	88
69	89
69	90
69	92
69	93
69	94
69	95
69	96
69	97
69	98
69	99
69	100
69	101
69	102
69	104
69	105
69	106
69	108
69	109
69	111
69	112
69	113
69	115
69	117
69	118
69	119
69	120
69	121
69	122
69	123
69	124
69	126
69	127
69	131
69	132
69	133
69	134
69	135
69	136
69	137
69	140
69	143
69	146
69	147
69	149
69	150
69	155
69	156
69	162
69	165
69	166
69	167
69	169
69	170
69	171
69	172
69	173
69	178
69	179
69	181
69	183
69	184
69	188
69	189
69	194
69	195
69	196
69	197
69	198
69	199
69	201
69	202
69	205
70	71
70	72
70	73
70	74
70	75
70	76
70	77
70	78
70	79
70	80
70	87
70	88
70	90
70	93
70	94
70	100
70	101
70	102
70	103
70	105
70	107
70	111
70	120
70	122
70	125
70	129
70	130
70	132
70	135
70	136
70	138
70	142
70	162
70	165
70	175
70	181
70	185
70	187
70	189
70	192
70	194
70	195
70	199
70	202
71	72
71	73
71	74
71	75
71	76
71	77
71	78
71	79
71	80
71	83
71	84
71	85
71	86
71	92
71	93
71	94
71	98
71	101
71	104
71	105
71	108
71	113
71	120
71	122
71	125
71	126
71	128
71	137
71	149
71	160
71	162
71	178
72	73
72	74
72	75
72	76
72	77
72	78
72	79
72	80
72	84
72	85
72	87
72	90
72	93
72	94
72	98
72	105
72	125
72	133
72	137
72	165
72	169
72	185
72	196
73	74
73	75
73	76
73	77
73	78
73	79
73	80
73	83
73	86
73	102
73	121
73	125
73	132
73	143
73	169
73	170
73	176
73	179
73	193
74	75
74	76
74	77
74	78
74	79
74	80
74	85
74	88
74	94
74	98
74	99
74	101
74	103
74	104
74	113
74	115
74	120
74	122
74	133
74	169
74	182
74	187
74	195
74	201
75	76
75	77
75	79
75	80
75	90
75	104
75	123
75	124
75	129
75	143
75	156
75	166
75	184
75	199
75	202
76	77
76	78
76	79
76	80
76	81
76	82
76	83
76	84
76	86
76	88
76	89
76	90
76	93
76	94
76	96
76	97
76	98
76	99
76	101
76	102
76	103
76	106
76	108
76	109
76	124
76	125
76	128
76	130
76	131
76	132
76	135
76	136
76	137
76	145
76	148
76	149
76	150
76	153
76	154
76	156
76	158
76	159
76	161
76	163
76	164
76	166
76	185
76	186
76	187
76	195
76	202
76	203
77	78
77	79
77	80
77	82
77	86
77	89
77	90
77	94
77	98
77	100
77	103
77	104
77	106
77	107
77	108
77	112
77	115
77	116
77	118
77	119
77	120
77	121
77	123
77	131
77	132
77	144
77	162
77	175
77	182
77	187
77	195
77	201
78	79
78	80
78	81
78	82
78	83
78	84
78	85
78	86
78	88
78	89
78	90
78	91
78	92
78	93
78	94
78	95
78	96
78	97
78	98
78	99
78	100
78	101
78	102
78	103
78	104
78	106
78	108
78	109
78	110
78	111
78	112
78	113
78	115
78	116
78	119
78	120
78	121
78	122
78	123
78	124
78	126
78	129
78	131
78	132
78	133
78	134
78	138
78	140
78	142
78	149
78	150
78	151
78	154
78	158
78	159
78	163
78	164
78	165
78	168
78	170
78	171
78	172
78	177
78	178
78	182
78	184
78	186
78	189
78	193
78	197
78	200
78	203
79	80
79	81
79	83
79	84
79	88
79	90
79	93
79	94
79	95
79	96
79	98
79	102
79	103
79	104
79	105
79	108
79	109
79	110
79	113
79	116
79	118
79	119
79	120
79	121
79	122
79	123
79	128
79	130
79	132
79	134
79	146
79	149
79	152
79	157
79	158
79	159
79	160
79	165
79	172
79	189
79	200
79	202
79	203
80	84
80	90
80	92
80	93
80	94
80	98
80	125
80	127
80	132
80	160
81	82
81	83
81	84
81	85
81	86
81	87
81	88
81	90
81	92
81	93
81	94
81	102
81	109
81	110
81	114
81	115
81	117
81	118
81	121
81	122
81	123
81	130
81	132
81	138
81	142
81	143
81	145
81	146
81	152
81	155
81	159
81	160
81	161
81	165
81	166
81	168
81	169
81	171
81	173
81	175
81	178
81	179
81	181
81	182
81	183
81	184
81	185
81	186
81	187
81	188
81	189
81	190
81	192
81	193
81	196
81	197
81	198
81	200
81	201
81	202
81	203
81	204
82	83
82	84
82	85
82	86
82	87
82	88
82	91
82	92
82	94
82	95
82	96
82	97
82	98
82	102
82	103
82	125
82	134
82	139
82	141
82	143
82	144
82	148
82	150
82	152
82	156
82	157
82	159
82	160
82	161
82	163
82	165
82	166
82	168
82	169
82	171
82	173
82	183
82	187
82	188
82	190
82	191
82	192
82	193
82	200
82	202
82	203
82	204
83	84
83	85
83	86
83	87
83	88
83	93
83	99
83	124
83	129
83	139
83	146
83	149
83	152
83	156
83	158
83	159
83	161
83	163
83	165
83	169
83	171
83	181
83	192
84	85
84	86
84	87
84	88
84	89
84	90
84	91
84	93
84	94
84	95
84	96
84	97
84	98
84	100
84	103
84	109
84	110
84	112
84	116
84	117
84	120
84	121
84	122
84	123
84	124
84	126
84	132
84	135
84	136
84	138
84	139
84	140
84	141
84	142
84	143
84	145
84	146
84	147
84	148
84	149
84	150
84	151
84	152
84	153
84	154
84	155
84	158
84	159
84	160
84	161
84	162
84	163
84	164
84	165
84	166
84	167
84	168
84	169
84	170
84	171
84	172
84	173
84	174
84	175
84	176
84	181
84	182
84	183
84	184
84	185
84	186
84	187
84	188
84	189
84	190
84	191
84	192
84	193
84	194
84	196
84	199
84	201
84	202
84	203
84	204
85	86
85	87
85	88
85	91
85	93
85	98
85	102
85	108
85	112
85	113
85	114
85	127
85	131
85	134
85	135
85	141
85	145
85	146
85	148
85	149
85	150
85	151
85	152
85	153
85	154
85	155
85	156
85	158
85	159
85	160
85	163
85	165
85	166
85	167
85	171
85	175
85	181
86	87
86	88
86	91
86	92
86	93
86	94
86	121
86	125
86	130
86	133
86	134
86	142
86	145
86	148
86	150
86	152
86	157
86	158
86	159
86	160
86	161
86	164
86	165
86	170
86	185
86	187
87	88
87	89
87	91
87	92
87	94
87	96
87	98
87	99
87	102
87	108
87	112
87	124
87	135
87	139
87	142
87	144
87	145
87	147
87	148
87	151
87	152
87	156
87	158
87	159
87	160
87	161
87	162
87	165
87	166
87	167
87	177
87	203
88	89
88	90
88	91
88	92
88	93
88	94
88	95
88	106
88	108
88	109
88	113
88	115
88	116
88	117
88	119
88	120
88	121
88	122
88	123
88	124
88	125
88	126
88	128
88	130
88	132
88	133
88	134
88	135
88	136
88	137
88	138
88	139
88	140
88	141
88	143
88	144
88	145
88	146
88	147
88	148
88	149
88	150
88	151
88	152
88	153
88	154
88	156
88	158
88	159
88	161
88	162
88	163
88	164
88	165
88	166
88	167
88	168
88	169
88	171
88	173
88	174
88	175
88	179
88	182
88	183
88	188
88	189
88	190
88	191
88	192
88	193
88	196
88	197
88	200
88	202
88	203
88	204
88	205
89	90
89	91
89	92
89	93
89	94
89	126
89	130
89	132
89	134
89	135
89	136
89	137
89	138
89	139
89	140
89	141
89	142
89	143
89	144
89	145
89	146
89	147
89	148
89	149
89	150
89	151
89	152
89	153
89	154
89	157
89	158
89	161
89	162
89	163
89	164
89	166
89	177
89	185
89	189
90	91
90	92
90	93
90	94
90	98
90	105
90	110
90	112
90	116
90	120
90	124
90	125
90	126
90	127
90	129
90	130
90	132
90	133
90	135
90	136
90	138
90	139
90	140
90	141
90	142
90	143
90	145
90	146
90	148
90	149
90	150
90	151
90	152
90	153
90	154
90	155
90	158
90	159
90	160
90	161
90	162
90	163
90	164
90	165
90	167
90	169
90	170
90	171
90	172
90	173
90	175
90	177
90	181
90	185
90	186
90	188
90	189
90	190
90	191
90	192
90	195
90	199
90	202
91	92
91	93
91	94
91	135
91	136
91	144
91	146
91	150
91	161
91	162
92	93
92	94
92	136
92	137
92	143
92	156
92	158
92	159
92	160
92	182
92	195
93	94
93	97
93	101
93	102
93	103
93	104
93	106
93	107
93	108
93	110
93	113
93	119
93	122
93	123
93	124
93	125
93	128
93	130
93	132
93	134
93	135
93	136
93	137
93	138
93	139
93	140
93	141
93	142
93	143
93	144
93	145
93	147
93	148
93	149
93	150
93	151
93	152
93	153
93	154
93	155
93	156
93	157
93	158
93	159
93	160
93	161
93	162
93	163
93	164
93	165
93	166
93	167
93	169
93	170
93	171
93	172
93	173
93	178
93	183
93	187
93	190
93	191
93	192
93	197
94	96
94	108
94	117
94	125
94	127
94	132
94	133
94	134
94	135
94	136
94	137
94	138
94	139
94	141
94	142
94	143
94	144
94	145
94	146
94	147
94	148
94	149
94	150
94	151
94	152
94	153
94	154
94	155
94	156
94	157
94	158
94	159
94	162
94	163
94	164
94	165
94	166
94	167
94	168
94	169
94	170
94	171
94	173
94	174
94	175
94	177
94	178
94	181
94	182
94	183
94	188
94	191
94	192
94	199
95	96
95	97
95	98
95	99
95	100
95	101
95	102
95	103
95	104
95	105
95	106
95	107
95	108
95	109
95	110
95	111
95	112
95	113
95	114
95	115
95	116
95	117
95	118
95	119
95	120
95	122
95	124
95	125
95	130
95	132
95	134
95	135
95	146
95	149
95	157
95	166
95	168
95	172
95	174
95	179
95	181
95	182
95	183
95	184
95	187
95	189
95	190
95	196
95	197
95	198
95	202
95	204
96	97
96	98
96	99
96	100
96	101
96	102
96	103
96	104
96	105
96	106
96	107
96	108
96	109
96	110
96	111
96	112
96	113
96	114
96	115
96	116
96	117
96	120
96	122
96	126
96	131
96	132
96	133
96	137
96	152
96	160
96	165
96	166
96	168
96	170
96	172
96	174
96	179
96	184
96	186
96	187
96	189
96	192
96	194
96	196
96	197
96	200
96	201
96	203
97	98
97	99
97	100
97	101
97	102
97	103
97	104
97	105
97	106
97	107
97	108
97	110
97	111
97	112
97	113
97	114
97	115
97	117
97	120
97	128
97	132
97	147
97	177
97	181
97	186
97	190
97	196
97	199
97	203
97	204
98	99
98	100
98	101
98	102
98	103
98	104
98	105
98	106
98	107
98	108
98	109
98	110
98	113
98	114
98	115
98	117
98	118
98	119
98	120
98	139
98	179
98	180
98	181
98	185
98	192
98	194
98	195
98	197
98	201
98	204
99	100
99	101
99	102
99	103
99	104
99	105
99	106
99	107
99	108
99	109
99	110
99	112
99	114
99	117
99	119
99	120
99	125
99	127
99	129
99	133
99	174
99	180
99	182
99	201
99	203
99	204
99	205
100	101
100	102
100	103
100	104
100	105
100	106
100	107
100	108
100	109
100	110
100	111
100	112
100	113
100	114
100	115
100	117
100	118
100	119
100	120
100	122
100	124
100	125
100	126
100	127
100	130
100	131
100	132
100	134
100	135
100	136
100	142
100	159
100	169
100	174
100	176
100	178
100	179
100	183
100	186
100	187
100	189
100	190
100	193
100	195
100	196
100	198
100	200
100	204
100	205
101	102
101	103
101	104
101	105
101	106
101	107
101	108
101	109
101	110
101	111
101	112
101	113
101	114
101	115
101	116
101	117
101	118
101	119
101	120
101	122
101	123
101	134
101	135
101	143
101	144
101	151
101	156
101	160
101	169
101	170
101	173
101	174
101	176
101	177
101	178
101	188
101	189
101	190
101	194
101	196
101	197
101	198
101	201
102	103
102	104
102	105
102	106
102	107
102	108
102	111
102	122
102	126
102	186
103	104
103	105
103	106
103	107
103	108
103	110
103	113
103	115
103	116
103	117
103	120
103	169
103	176
103	179
103	181
104	105
104	106
104	107
104	108
104	109
104	110
104	111
104	113
104	115
104	116
104	117
104	119
104	120
104	121
104	122
104	123
104	124
104	127
104	129
104	133
104	134
104	135
104	139
104	143
104	144
104	152
104	155
104	156
104	159
104	160
104	161
104	165
104	166
104	167
104	171
104	172
104	174
104	176
104	177
104	178
104	179
104	180
104	186
104	189
104	191
104	192
104	196
104	197
104	198
104	201
104	203
104	204
104	205
105	106
105	107
105	108
105	109
105	110
105	113
105	114
105	115
105	116
105	117
105	118
105	120
105	123
105	130
105	134
105	159
105	162
105	165
105	168
105	187
105	195
105	197
105	198
106	107
106	108
106	109
106	110
106	111
106	112
106	113
106	114
106	115
106	116
106	117
106	120
106	122
106	123
106	124
106	125
106	129
106	132
106	134
106	140
106	141
106	145
106	171
106	172
106	176
106	178
106	179
106	180
106	181
106	186
106	196
106	197
106	198
106	199
106	201
106	205
107	108
107	111
107	112
107	113
107	114
107	116
107	117
107	120
107	142
107	147
107	168
107	178
107	194
107	196
107	197
107	202
108	109
108	110
108	111
108	112
108	113
108	114
108	115
108	116
108	117
108	118
108	119
108	120
108	121
108	122
108	123
108	126
108	130
108	132
108	134
108	135
108	136
108	140
108	141
108	150
108	153
108	155
108	156
108	163
108	164
108	166
108	176
108	177
108	179
108	182
108	188
108	196
108	197
108	198
108	200
108	201
108	203
108	204
108	205
109	110
109	111
109	112
109	113
109	114
109	115
109	116
109	117
109	118
109	119
109	120
109	121
109	122
109	123
109	124
109	125
109	126
109	127
109	129
109	131
109	132
109	133
109	134
109	135
109	136
109	137
109	138
109	139
109	140
109	141
109	146
109	147
109	149
109	150
109	151
109	152
109	153
109	154
109	155
109	160
109	162
109	165
109	166
109	167
109	168
109	169
109	170
109	171
109	172
109	173
109	174
109	178
109	179
109	180
109	181
109	182
109	184
109	185
109	187
109	188
109	191
109	194
109	195
109	196
109	197
109	198
109	199
109	200
109	201
109	202
109	203
109	204
110	111
110	112
110	113
110	114
110	115
110	116
110	117
110	118
110	119
110	120
110	121
110	122
110	123
110	126
110	127
110	137
110	138
110	143
110	154
110	155
110	159
110	162
110	164
110	175
110	177
110	180
110	181
110	183
110	185
110	193
110	195
110	196
110	197
110	199
110	200
110	201
110	202
110	203
110	205
111	112
111	113
111	114
111	115
111	116
111	117
111	118
111	119
111	120
111	121
111	122
111	123
111	130
111	132
111	134
111	136
111	137
111	140
111	142
111	143
111	144
111	146
111	148
111	149
111	150
111	156
111	161
111	165
111	172
111	173
111	176
111	178
111	179
111	180
111	183
111	184
111	187
111	193
111	194
111	196
111	197
111	198
111	199
111	200
111	201
111	202
112	113
112	114
112	115
112	116
112	117
112	118
112	119
112	120
112	121
112	122
112	123
112	126
112	129
112	131
112	132
112	134
112	135
112	136
112	137
112	138
112	140
112	142
112	144
112	145
112	149
112	151
112	152
112	153
112	154
112	158
112	159
112	161
112	162
112	163
112	164
112	197
112	198
112	199
112	202
112	203
113	114
113	115
113	116
113	117
113	118
113	119
113	120
113	121
113	122
113	123
113	125
113	127
113	131
113	132
113	133
113	134
113	140
113	141
113	142
113	144
113	151
113	156
113	159
113	168
113	169
113	172
113	176
113	187
113	195
113	198
113	199
113	200
113	201
113	202
113	203
114	115
114	116
114	117
114	118
114	119
114	120
114	122
114	123
114	126
114	128
114	144
114	186
114	199
115	116
115	117
115	118
115	119
115	120
115	121
115	122
115	123
115	125
115	126
115	130
115	131
115	133
115	134
115	135
115	136
115	137
115	139
115	140
115	142
115	143
115	144
115	145
115	147
115	149
115	160
115	165
115	166
115	167
115	169
115	172
115	173
115	178
115	179
115	180
115	185
115	187
115	194
115	196
115	197
115	198
115	199
115	200
115	201
115	202
115	203
115	204
115	205
116	117
116	118
116	119
116	120
116	121
116	122
116	123
116	124
116	125
116	129
116	130
116	134
116	135
116	140
116	141
116	144
116	149
116	160
116	168
116	173
116	193
116	194
116	195
116	196
116	197
116	198
116	199
116	201
116	202
117	118
117	120
117	121
117	122
117	123
117	126
117	140
117	177
117	186
117	195
117	198
117	201
117	205
118	119
118	120
118	121
118	122
118	123
118	124
118	126
118	127
118	130
118	132
118	133
118	134
118	136
118	142
118	144
118	145
118	147
118	148
118	152
118	156
118	157
118	159
118	160
118	162
118	163
118	164
118	183
118	184
118	187
118	189
118	197
118	198
118	199
118	200
118	202
118	205
119	120
119	121
119	122
119	123
119	124
119	125
119	126
119	127
119	128
119	129
119	130
119	131
119	132
119	133
119	134
119	135
119	136
119	137
119	138
119	139
119	140
119	141
119	142
119	143
119	144
119	145
119	146
119	147
119	148
119	149
119	150
119	151
119	152
119	153
119	154
119	155
119	157
119	158
119	160
119	162
119	163
119	164
119	165
119	167
119	171
119	173
119	174
119	176
119	179
119	180
119	183
119	186
119	187
119	192
119	194
119	195
119	196
119	197
119	198
119	199
119	200
119	201
119	202
119	203
119	204
120	121
120	122
120	123
120	126
120	129
120	130
120	134
120	135
120	137
120	138
120	139
120	140
120	141
120	142
120	145
120	148
120	149
120	150
120	151
120	152
120	153
120	154
120	157
120	158
120	159
120	161
120	162
120	163
120	166
120	177
120	181
120	183
120	188
120	189
120	191
120	194
120	195
120	196
120	197
120	198
120	199
120	200
120	203
121	122
121	123
121	124
121	125
121	126
121	127
121	129
121	130
121	132
121	133
121	134
121	135
121	137
121	139
121	140
121	144
121	146
121	147
121	148
121	150
121	151
121	153
121	154
121	156
121	158
121	159
121	160
121	161
121	162
121	163
121	164
121	165
121	175
121	181
121	185
121	195
121	196
121	200
122	123
122	124
122	125
122	129
122	132
122	133
122	134
122	135
122	136
122	138
122	140
122	141
122	144
122	145
122	148
122	149
122	150
122	151
122	152
122	153
122	154
122	155
122	157
122	158
122	162
122	163
122	164
122	165
122	166
122	167
122	168
122	171
122	179
122	186
122	188
122	192
122	198
122	199
122	200
122	201
122	202
122	203
122	204
123	124
123	127
123	128
123	130
123	134
123	135
123	136
123	137
123	138
123	140
123	141
123	144
123	145
123	147
123	148
123	149
123	150
123	151
123	152
123	153
123	154
123	158
123	159
123	160
123	161
123	162
123	163
123	164
123	172
123	175
123	182
123	183
123	186
123	199
123	200
123	201
123	202
124	125
124	126
124	127
124	128
124	129
124	130
124	131
124	132
124	133
124	134
124	135
124	136
124	137
124	140
124	141
124	143
124	159
124	182
124	184
124	186
124	197
124	199
125	126
125	127
125	128
125	129
125	130
125	131
125	132
125	133
125	142
125	146
125	149
125	155
125	162
125	163
125	204
126	127
126	129
126	130
126	131
126	132
126	133
126	134
126	174
126	179
126	180
126	181
126	182
126	183
126	184
126	186
126	187
126	199
126	202
126	203
127	128
127	129
127	130
127	131
127	132
127	133
127	138
127	140
127	141
127	142
127	156
127	173
128	129
128	132
128	133
128	149
129	130
129	131
129	132
129	133
129	134
129	142
129	201
130	131
130	132
130	133
130	134
130	147
131	132
131	133
131	134
131	135
131	137
131	138
131	139
131	140
131	141
131	143
131	144
131	145
131	146
131	147
131	149
131	156
131	163
131	166
131	167
131	181
131	187
131	194
132	133
132	134
132	136
132	137
132	140
132	141
132	142
132	143
132	149
132	150
132	158
132	163
132	164
132	175
132	181
133	134
133	140
133	146
133	163
133	170
133	202
134	136
135	136
135	137
135	138
135	139
135	140
135	141
135	142
135	143
135	144
135	145
135	146
135	147
135	148
135	149
135	150
135	151
135	152
135	153
135	154
135	155
135	156
135	157
135	158
135	159
135	160
135	161
135	162
135	163
135	164
135	166
135	167
135	168
135	169
135	170
135	171
135	172
135	173
135	174
135	175
135	176
135	177
135	179
135	180
135	183
135	184
135	185
135	186
135	187
135	188
135	189
135	190
135	191
135	192
135	193
135	195
135	196
135	199
135	203
136	137
136	138
136	139
136	140
136	141
136	142
136	143
136	144
136	145
136	146
136	147
136	148
136	149
136	150
136	151
136	153
136	154
136	155
136	156
136	157
136	158
136	159
136	160
136	161
136	162
136	163
136	164
136	166
136	167
136	170
136	171
136	175
136	187
136	188
136	193
136	202
136	203
137	138
137	139
137	140
137	141
137	142
137	143
137	144
137	145
137	146
137	147
137	148
137	149
137	150
137	151
137	153
137	154
137	156
137	157
137	158
137	161
137	162
137	163
137	164
137	165
137	167
137	168
137	169
137	170
137	176
137	178
137	180
137	185
137	188
137	189
137	192
137	193
137	202
138	139
138	140
138	141
138	142
138	143
138	144
138	145
138	146
138	147
138	148
138	149
138	150
138	151
138	152
138	153
138	154
138	155
138	156
138	157
138	158
138	159
138	160
138	161
138	162
138	163
138	164
138	165
138	166
138	167
138	168
138	169
138	170
138	171
138	172
138	173
138	175
138	177
138	179
138	181
138	185
138	188
138	189
138	190
138	191
138	192
138	196
138	202
138	203
139	140
139	141
139	142
139	143
139	144
139	145
139	146
139	147
139	148
139	149
139	150
139	151
139	152
139	153
139	154
139	155
139	156
139	157
139	158
139	159
139	160
139	161
139	162
139	163
139	164
139	165
139	166
139	167
139	168
139	169
139	171
139	172
139	173
139	174
139	175
139	177
139	178
139	184
139	185
139	188
139	189
139	190
139	191
139	192
139	193
139	194
139	195
139	199
139	200
139	201
140	141
140	142
140	143
140	144
140	145
140	146
140	147
140	148
140	149
140	150
140	151
140	152
140	153
140	154
140	155
140	156
140	157
140	158
140	159
140	160
140	161
140	162
140	163
140	164
140	165
140	166
140	167
140	169
140	170
140	171
140	173
140	174
140	181
140	183
140	184
140	188
140	190
140	191
140	192
140	193
140	195
140	196
140	201
141	142
141	143
141	144
141	145
141	146
141	147
141	148
141	149
141	150
141	151
141	152
141	153
141	154
141	155
141	156
141	157
141	158
141	159
141	160
141	161
141	162
141	163
141	164
141	165
141	166
141	167
141	168
141	170
141	171
141	172
141	173
141	174
141	175
141	177
141	180
141	182
141	183
141	186
141	188
141	189
141	190
141	191
141	192
141	193
141	198
141	199
141	203
142	143
142	144
142	145
142	146
142	147
142	148
142	149
142	150
142	151
142	152
142	153
142	154
142	157
142	158
142	160
142	161
142	162
142	163
142	164
142	167
142	181
142	182
142	190
143	144
143	145
143	146
143	147
143	148
143	149
143	150
143	151
143	152
143	153
143	154
143	155
143	156
143	157
143	158
143	159
143	160
143	161
143	162
143	163
143	164
143	165
143	166
143	167
143	168
143	169
143	170
143	171
143	172
143	176
143	184
143	187
143	188
143	190
143	191
143	192
143	193
144	145
144	146
144	147
144	148
144	149
144	150
144	151
144	152
144	153
144	154
144	155
144	156
144	157
144	158
144	159
144	160
144	161
144	162
144	163
144	164
144	165
144	166
144	167
144	168
144	170
144	171
144	175
144	188
144	189
144	190
144	193
144	198
145	146
145	147
145	148
145	149
145	150
145	151
145	152
145	153
145	154
145	155
145	156
145	157
145	158
145	159
145	160
145	161
145	162
145	163
145	164
145	165
145	166
145	167
145	168
145	169
145	170
145	171
145	179
145	182
145	185
145	191
145	192
145	193
146	147
146	148
146	149
146	150
146	151
146	152
146	153
146	154
146	155
146	156
146	157
146	158
146	160
146	161
146	162
146	163
146	164
146	165
146	166
146	167
146	169
146	171
146	173
146	176
146	177
146	180
146	181
146	182
146	184
146	186
146	188
146	189
146	190
146	191
146	192
146	195
146	199
147	148
147	149
147	150
147	151
147	152
147	153
147	154
147	155
147	156
147	157
147	158
147	159
147	160
147	161
147	162
147	163
147	164
147	165
147	166
147	167
147	168
147	169
147	170
147	171
147	176
147	177
147	180
147	183
147	185
147	188
147	189
147	190
147	191
147	192
147	193
147	196
147	199
147	200
148	149
148	150
148	151
148	152
148	153
148	154
148	155
148	156
148	157
148	158
148	159
148	160
148	161
148	162
148	163
148	164
148	165
148	166
148	167
148	168
148	169
148	170
148	171
148	172
148	173
148	174
148	175
148	176
148	177
148	178
148	179
148	180
148	181
148	182
148	183
148	184
148	185
148	186
148	188
148	189
148	190
148	191
148	192
148	193
148	196
148	198
148	199
148	200
148	201
148	202
148	203
148	204
148	205
149	150
149	151
149	152
149	153
149	154
149	155
149	156
149	157
149	158
149	159
149	160
149	161
149	162
149	163
149	164
149	165
149	180
149	184
149	205
150	151
150	152
150	153
150	154
150	155
150	156
150	157
150	158
150	159
150	160
150	161
150	162
150	163
150	164
150	165
150	166
150	167
150	168
150	169
150	170
150	171
150	172
150	173
150	174
150	175
150	176
150	177
150	179
150	180
150	181
150	182
150	183
150	184
150	185
150	186
150	187
150	188
150	189
150	190
150	191
150	192
150	193
150	195
150	196
150	197
150	198
150	199
150	200
150	201
150	202
150	203
150	204
151	152
151	153
151	154
151	155
151	156
151	157
151	158
151	159
151	160
151	161
151	162
151	163
151	164
151	165
151	166
151	167
151	168
151	169
151	170
151	175
151	177
151	178
151	179
151	180
151	182
151	183
151	188
151	195
151	197
151	198
151	200
151	201
151	202
151	203
152	153
152	154
152	155
152	156
152	157
152	158
152	159
152	160
152	161
152	162
152	163
152	164
152	165
152	166
152	168
152	171
152	172
152	177
152	178
152	183
152	186
152	187
152	191
152	193
153	154
153	155
153	156
153	157
153	158
153	159
153	160
153	161
153	162
153	163
153	164
153	165
153	166
153	167
153	168
153	169
153	170
153	171
153	172
153	173
153	175
153	177
153	178
153	179
153	181
153	182
153	183
153	184
153	185
153	186
153	187
153	190
153	191
153	192
153	195
153	196
153	198
153	202
153	203
154	155
154	156
154	157
154	158
154	159
154	160
154	161
154	162
154	163
154	164
154	165
154	166
154	167
154	168
154	170
154	171
154	172
154	177
154	179
154	180
154	198
155	156
155	157
155	158
155	159
155	160
155	161
155	162
155	163
155	164
155	165
155	166
155	167
155	168
155	169
155	170
155	171
155	172
155	175
155	176
155	177
155	185
155	188
155	189
155	190
155	191
155	201
156	157
156	158
156	159
156	160
156	161
156	162
156	163
156	164
156	165
156	166
156	167
156	168
156	169
156	170
156	171
156	172
156	182
156	191
156	192
156	195
156	198
157	158
157	159
157	160
157	161
157	162
157	163
157	164
157	165
157	166
157	167
157	168
157	170
157	184
157	186
157	189
157	190
157	204
158	159
158	160
158	161
158	162
158	163
158	164
158	165
158	166
158	167
158	168
158	169
158	170
158	171
158	172
158	173
158	180
158	182
158	184
158	185
158	186
158	188
158	189
158	190
158	192
158	193
158	196
158	197
158	198
158	203
159	160
159	161
159	162
159	163
159	164
159	165
159	166
159	168
159	170
159	171
159	172
159	177
159	184
159	185
159	199
160	161
160	162
160	163
160	164
160	165
160	166
160	168
160	171
160	172
160	186
161	162
161	163
161	164
161	165
161	168
161	169
161	170
161	178
162	163
162	164
162	165
162	166
162	167
162	168
162	169
162	171
162	184
162	185
163	164
163	165
163	166
163	167
163	168
163	170
163	171
163	172
163	173
163	174
163	175
163	176
163	177
163	178
163	179
163	182
163	183
163	184
163	185
163	186
163	187
163	188
163	189
163	190
163	191
163	192
163	193
163	196
163	198
163	199
163	200
163	202
163	203
163	205
164	165
164	166
164	167
164	168
164	170
164	172
164	175
164	177
164	178
164	179
164	180
164	181
164	182
164	183
164	184
164	185
164	186
164	190
164	199
165	166
165	169
165	170
165	171
165	172
165	173
165	175
165	180
165	190
165	191
165	192
165	193
166	167
166	168
166	169
166	170
166	171
166	172
166	174
166	175
166	176
166	178
166	188
166	189
166	190
166	191
166	192
166	193
166	196
166	201
167	168
167	169
167	170
167	171
167	172
167	173
167	175
167	176
167	177
167	181
167	182
167	183
167	184
167	185
167	186
167	188
167	189
167	190
167	191
167	193
167	204
168	169
168	170
168	171
168	172
168	173
168	174
168	177
168	182
168	187
168	188
168	189
168	191
168	192
168	195
168	200
168	203
169	170
169	200
169	201
169	203
170	171
170	172
170	176
170	184
170	192
170	193
171	172
171	173
171	174
171	177
171	178
171	179
171	181
171	184
171	185
171	186
171	187
171	188
171	189
171	195
171	198
171	200
171	201
171	203
172	173
172	174
172	177
172	179
172	181
172	183
172	184
172	186
172	187
172	188
172	190
172	195
172	197
172	200
172	201
172	203
172	204
172	205
173	174
173	175
173	176
173	177
173	178
173	179
173	180
173	181
173	182
173	183
173	184
173	185
173	186
173	187
173	188
173	189
173	190
173	191
173	192
173	193
173	195
173	196
173	197
173	198
173	199
173	200
173	201
173	202
173	203
173	204
173	205
174	175
174	176
174	177
174	178
174	179
174	180
174	181
174	182
174	183
174	184
174	185
174	186
174	187
174	188
174	189
174	190
174	191
174	192
174	193
174	194
174	195
174	196
174	197
174	198
174	199
174	200
174	201
174	202
174	203
174	204
174	205
175	176
175	177
175	178
175	179
175	180
175	181
175	182
175	183
175	184
175	185
175	186
175	187
175	188
175	189
175	190
175	191
175	192
175	193
175	197
175	198
175	199
176	177
176	178
176	179
176	181
176	182
176	183
176	184
176	185
176	186
176	187
176	191
176	192
176	193
176	195
177	178
177	179
177	180
177	181
177	182
177	183
177	184
177	185
177	186
177	188
177	189
177	190
177	191
177	192
177	193
177	197
178	179
178	180
178	181
178	182
178	183
178	184
178	185
178	186
178	187
178	190
178	191
178	193
178	197
178	198
178	199
178	203
178	205
179	180
179	181
179	182
179	183
179	184
179	185
179	186
179	187
179	188
179	189
179	190
179	191
179	192
179	193
179	195
179	196
179	197
179	198
179	199
179	200
179	201
179	202
179	203
179	204
180	181
180	182
180	183
180	184
180	185
180	186
180	187
180	188
180	190
180	192
180	195
180	196
180	197
180	198
180	199
180	200
180	202
181	182
181	183
181	184
181	185
181	186
181	187
181	188
181	190
181	191
181	193
181	194
181	198
181	199
181	203
182	183
182	184
182	185
182	186
182	187
182	188
182	190
182	191
182	192
182	193
182	197
182	198
182	199
182	202
182	203
183	184
183	185
183	186
183	187
183	188
183	189
183	190
183	191
183	192
183	193
183	194
183	195
183	198
183	199
183	203
184	185
184	186
184	187
184	188
184	189
184	190
184	191
184	193
184	195
184	196
184	197
184	198
184	199
184	200
184	201
184	202
184	203
185	186
185	187
185	188
185	189
185	190
185	191
185	192
185	193
185	197
185	199
185	203
186	187
186	188
186	190
186	191
186	192
186	193
186	195
186	196
186	197
186	198
186	199
187	188
187	190
187	191
187	193
187	195
187	196
187	197
187	198
187	199
187	202
187	204
187	205
188	189
188	190
188	191
188	192
188	193
188	201
188	205
189	190
189	191
189	192
189	193
190	191
190	192
190	193
190	194
190	196
190	197
190	199
191	192
191	193
191	195
191	196
191	197
191	200
191	201
192	193
192	198
194	195
194	196
194	197
194	199
194	202
195	196
195	197
195	198
195	199
195	200
195	201
195	202
195	203
195	204
196	197
196	198
196	199
196	200
196	201
196	202
196	203
196	204
196	205
197	198
197	199
197	200
197	201
197	202
197	203
197	204
197	205
198	199
198	200
198	201
198	202
198	203
198	204
199	200
199	201
199	202
199	203
199	204
200	201
200	202
200	203
200	204
200	205
201	202
201	203
201	204
201	205
202	203
202	204
202	205
203	204
203	205
204	205
