0	1
0	2
0	3
0	4
0	5
0	6
0	7
0	8
0	9
0	10
0	11
0	12
0	13
0	14
0	15
0	16
0	17
0	18
0	19
0	20
0	21
0	22
0	23
0	24
0	25
0	26
0	27
0	28
0	29
0	30
0	31
0	32
0	33
0	34
0	35
0	36
0	37
0	38
0	39
0	40
0	41
0	42
0	43
0	44
0	45
0	46
0	47
0	48
0	49
0	50
0	51
0	52
0	53
0	54
0	55
0	56
0	57
0	58
0	59
0	60
0	61
0	64
0	65
0	67
0	69
0	70
0	71
0	72
0	73
0	74
0	75
0	76
0	77
0	78
0	79
0	80
0	81
0	82
0	83
0	84
0	85
0	86
0	87
0	88
0	89
0	90
0	91
0	92
0	93
0	94
0	95
0	96
0	97
0	98
0	99
0	100
0	101
0	102
0	103
0	104
0	105
0	106
0	107
0	108
0	109
0	110
0	111
0	112
0	113
0	114
0	115
0	116
0	117
0	118
0	119
0	120
0	121
0	122
0	123
0	124
0	125
0	126
0	127
0	129
0	130
0	131
0	132
0	133
0	134
0	135
0	136
0	137
0	138
0	139
0	140
0	141
0	142
0	143
0	144
0	145
0	146
0	147
0	148
0	150
0	151
0	152
0	153
0	154
0	156
0	157
0	158
0	159
0	160
0	161
0	162
0	165
0	166
0	167
0	168
0	169
0	171
0	172
0	173
0	174
0	175
0	176
0	177
0	178
0	179
0	180
0	181
0	183
0	184
0	185
0	186
0	187
0	188
0	189
0	190
0	191
0	192
0	193
0	194
0	195
0	196
0	197
0	198
0	199
0	200
0	201
0	202
0	203
0	204
0	205
1	2
1	3
1	4
1	5
1	6
1	7
1	8
1	9
1	10
1	11
1	12
1	13
1	14
1	15
1	16
1	17
1	18
1	19
1	20
1	21
1	22
1	23
1	24
1	25
1	26
1	27
1	28
1	29
1	30
1	31
1	32
1	33
1	34
1	35
1	36
1	37
1	38
1	39
1	40
1	41
1	42
1	43
1	44
1	45
1	46
1	47
1	48
1	49
1	50
1	51
1	52
1	54
1	55
1	56
1	58
1	61
1	62
1	67
1	68
1	70
1	71
1	72
1	74
1	76
1	77
1	78
1	79
1	80
1	81
1	82
1	83
1	84
1	87
1	88
1	90
1	92
1	94
1	95
1	96
1	97
1	98
1	99
1	100
1	101
1	102
1	103
1	104
1	105
1	106
1	107
1	108
1	109
1	110
1	111
1	112
1	113
1	114
1	115
1	116
1	117
1	119
1	120
1	121
1	122
1	123
1	124
1	129
1	130
1	131
1	132
1	133
1	134
1	135
1	136
1	137
1	138
1	142
1	147
1	152
1	154
1	156
1	159
1	161
1	162
1	169
1	171
1	172
1	173
1	174
1	176
1	177
1	178
1	179
1	181
1	183
1	184
1	185
1	187
1	188
1	189
1	192
1	193
1	194
1	195
1	196
1	197
1	199
1	200
1	201
1	202
1	203
1	204
1	205
2	3
2	4
2	5
2	6
2	7
2	8
2	9
2	10
2	11
2	12
2	13
2	14
2	15
2	16
2	17
2	18
2	19
2	20
2	21
2	22
2	23
2	24
2	25
2	26
2	27
2	28
2	29
2	30
2	31
2	32
2	33
2	34
2	35
2	36
2	38
2	39
2	40
2	42
2	46
2	47
2	48
2	49
2	50
2	51
2	52
2	53
2	54
2	55
2	56
2	58
2	59
2	61
2	62
2	63
2	65
2	69
2	71
2	72
2	73
2	74
2	77
2	78
2	79
2	80
2	82
2	83
2	84
2	88
2	92
2	93
2	95
2	96
2	97
2	98
2	99
2	100
2	101
2	102
2	103
2	104
2	105
2	106
2	107
2	108
2	109
2	110
2	111
2	112
2	113
2	114
2	115
2	116
2	117
2	118
2	119
2	120
2	121
2	122
2	123
2	124
2	125
2	127
2	129
2	130
2	131
2	132
2	134
2	135
2	136
2	137
2	138
2	140
2	146
2	148
2	149
2	152
2	155
2	156
2	159
2	160
2	165
2	166
2	167
2	168
2	171
2	172
2	173
2	174
2	175
2	177
2	179
2	180
2	184
2	185
2	186
2	187
2	188
2	191
2	192
2	193
2	195
2	196
2	197
2	198
2	199
2	200
2	201
2	202
2	203
2	204
2	205
3	4
3	5
3	6
3	7
3	8
3	9
3	10
3	11
3	12
3	13
3	14
3	15
3	16
3	17
3	18
3	19
3	20
3	21
3	22
3	23
3	24
3	25
3	26
3	27
3	28
3	29
3	30
3	31
3	32
3	33
3	34
3	35
3	36
3	38
3	42
3	43
3	44
3	45
3	46
3	47
3	49
3	51
3	52
3	53
3	55
3	57
3	61
3	65
3	67
3	69
3	74
3	75
3	78
3	81
3	88
3	91
3	92
3	95
3	96
3	97
3	98
3	99
3	100
3	101
3	102
3	103
3	104
3	105
3	106
3	107
3	108
3	113
3	115
3	117
3	118
3	119
3	120
3	121
3	124
3	126
3	135
3	151
3	162
3	170
3	171
3	176
3	178
3	179
3	183
3	197
3	201
3	202
3	204
4	5
4	6
4	7
4	8
4	9
4	10
4	11
4	12
4	13
4	15
4	16
4	18
4	19
4	20
4	21
4	22
4	23
4	24
4	25
4	26
4	27
4	28
4	29
4	30
4	31
4	32
4	33
4	34
4	35
4	36
4	38
4	39
4	40
4	41
4	42
4	43
4	46
4	47
4	55
4	67
4	71
4	78
4	81
4	95
4	98
4	99
4	101
4	102
4	103
4	104
4	105
4	106
4	107
4	113
4	115
4	116
4	118
4	147
4	151
4	204
4	205
5	6
5	7
5	8
5	9
5	10
5	11
5	12
5	13
5	14
5	15
5	16
5	17
5	18
5	19
5	20
5	22
5	23
5	24
5	25
5	26
5	27
5	28
5	29
5	31
5	32
5	33
5	34
5	35
5	36
5	41
5	42
5	43
5	45
5	48
5	49
5	50
5	51
5	52
5	53
5	54
5	55
5	56
5	57
5	58
5	61
5	63
5	68
5	69
5	70
5	71
5	74
5	76
5	77
5	86
5	87
5	88
5	93
5	95
5	96
5	97
5	98
5	99
5	100
5	101
5	102
5	103
5	104
5	105
5	106
5	107
5	108
5	109
5	110
5	111
5	112
5	113
5	114
5	115
5	116
5	117
5	118
5	119
5	120
5	121
5	122
5	123
5	124
5	126
5	129
5	131
5	132
5	133
5	135
5	138
5	140
5	141
5	144
5	147
5	155
5	157
5	161
5	171
5	172
5	174
5	177
5	178
5	180
5	181
5	182
5	186
5	188
5	189
5	191
5	193
5	194
5	195
5	196
5	197
5	198
5	199
5	200
5	201
5	203
5	204
6	7
6	8
6	9
6	10
6	11
6	12
6	13
6	14
6	15
6	16
6	18
6	19
6	21
6	22
6	23
6	24
6	25
6	26
6	27
6	29
6	32
6	33
6	36
6	37
6	38
6	39
6	45
6	47
6	49
6	50
6	51
6	55
6	56
6	65
6	66
6	73
6	77
6	78
6	79
6	80
6	91
6	93
6	95
6	96
6	97
6	98
6	99
6	100
6	101
6	103
6	104
6	105
6	106
6	107
6	108
6	109
6	110
6	111
6	112
6	113
6	114
6	115
6	117
6	118
6	119
6	122
6	124
6	129
6	130
6	132
6	165
6	168
6	170
6	174
6	175
6	176
6	188
6	189
6	197
6	198
6	199
6	200
6	203
6	204
6	205
7	8
7	9
7	10
7	11
7	12
7	13
7	14
7	15
7	16
7	17
7	18
7	19
7	20
7	21
7	22
7	23
7	24
7	25
7	26
7	27
7	28
7	29
7	30
7	31
7	32
7	33
7	35
7	36
7	37
7	40
7	41
7	42
7	43
7	45
7	46
7	49
7	50
7	51
7	54
7	55
7	57
7	58
7	68
7	70
7	72
7	73
7	75
7	77
7	78
7	79
7	80
7	84
7	87
7	90
7	92
7	95
7	96
7	97
7	98
7	99
7	100
7	103
7	104
7	105
7	106
7	107
7	108
7	109
7	110
7	111
7	112
7	113
7	114
7	115
7	116
7	117
7	118
7	119
7	120
7	122
7	123
7	124
7	134
7	141
7	142
7	143
7	157
7	167
7	168
7	172
7	173
7	174
7	176
7	178
7	179
7	180
7	183
7	184
7	186
7	187
7	188
7	194
7	195
7	196
7	197
7	198
7	199
7	200
7	201
7	202
7	204
7	205
8	9
8	10
8	11
8	12
8	13
8	14
8	15
8	16
8	17
8	18
8	19
8	20
8	22
8	23
8	24
8	25
8	26
8	27
8	29
8	32
8	34
8	36
8	39
8	40
8	45
8	47
8	51
8	54
8	65
8	95
8	96
8	97
8	98
8	100
8	101
8	105
8	106
8	107
8	108
8	109
8	110
8	112
8	113
8	114
8	117
8	120
8	123
8	125
8	129
8	131
8	195
8	197
8	198
8	200
8	204
9	10
9	11
9	12
9	13
9	15
9	16
9	17
9	18
9	19
9	20
9	21
9	22
9	23
9	24
9	25
9	26
9	27
9	30
9	31
9	32
9	33
9	34
9	35
9	36
9	37
9	38
9	41
9	42
9	43
9	44
9	45
9	47
9	49
9	51
9	52
9	53
9	54
9	55
9	56
9	57
9	58
9	60
9	61
9	64
9	65
9	67
9	70
9	74
9	76
9	77
9	78
9	80
9	90
9	91
9	95
9	96
9	97
9	98
9	99
9	100
9	101
9	102
9	103
9	104
9	105
9	106
9	107
9	108
9	109
9	111
9	113
9	115
9	116
9	117
9	118
9	120
9	121
9	123
9	134
9	135
9	136
9	141
9	143
9	156
9	157
9	171
9	172
9	179
9	180
9	186
9	187
9	188
9	197
9	199
9	200
9	202
9	203
9	204
9	205
10	11
10	12
10	13
10	15
10	16
10	17
10	18
10	19
10	20
10	21
10	22
10	23
10	24
10	25
10	26
10	27
10	28
10	29
10	30
10	31
10	32
10	33
10	34
10	35
10	36
10	37
10	38
10	39
10	40
10	41
10	42
10	43
10	44
10	45
10	46
10	47
10	51
10	54
10	55
10	56
10	58
10	61
10	65
10	72
10	74
10	77
10	78
10	79
10	80
10	90
10	94
10	95
10	96
10	97
10	98
10	99
10	100
10	101
10	102
10	103
10	104
10	105
10	106
10	107
10	108
10	109
10	110
10	113
10	114
10	115
10	117
10	118
10	120
10	121
10	122
10	123
10	125
10	126
10	128
10	130
10	131
10	135
10	144
10	160
10	165
10	168
10	171
10	172
10	173
10	177
10	181
10	185
10	186
10	188
10	190
10	192
10	193
10	199
10	200
10	203
10	204
11	12
11	13
11	14
11	15
11	16
11	17
11	19
11	20
11	21
11	22
11	23
11	24
11	25
11	26
11	27
11	28
11	29
11	32
11	33
11	34
11	35
11	36
11	37
11	40
11	42
11	45
11	47
11	49
11	50
11	52
11	55
11	57
11	58
11	67
11	70
11	82
11	86
11	94
11	95
11	96
11	97
11	98
11	99
11	100
11	101
11	102
11	103
11	104
11	105
11	106
11	107
11	108
11	109
11	110
11	113
11	115
11	116
11	117
11	119
11	121
11	127
11	129
11	130
11	141
11	144
11	168
11	169
11	174
11	179
11	183
11	185
11	197
11	199
11	200
11	201
11	203
11	204
11	205
12	13
12	14
12	15
12	16
12	17
12	18
12	19
12	21
12	22
12	24
12	25
12	26
12	31
12	33
12	34
12	35
12	36
12	47
12	49
12	51
12	57
12	63
12	69
12	78
12	81
12	91
12	95
12	96
12	98
12	100
12	101
12	105
12	107
12	108
12	109
12	110
12	112
12	113
12	114
12	115
12	116
12	120
12	123
12	124
12	129
12	130
12	137
12	169
12	171
12	172
12	173
12	174
12	175
12	179
12	183
12	196
12	197
12	198
12	199
12	200
12	202
12	204
13	14
13	15
13	16
13	17
13	18
13	19
13	20
13	21
13	22
13	26
13	27
13	30
13	32
13	45
13	51
13	74
13	75
13	87
13	91
13	95
13	96
13	97
13	98
13	101
13	102
13	103
13	104
13	105
13	107
13	115
13	116
13	132
13	157
13	169
13	179
13	199
13	202
13	203
13	204
14	15
14	16
14	17
14	18
14	21
14	40
14	79
14	98
14	109
14	111
14	113
14	114
14	115
14	116
14	122
14	142
14	180
14	194
14	196
14	201
14	204
15	16
15	17
15	18
15	19
15	22
15	26
15	30
15	32
15	38
15	68
15	95
15	97
15	107
15	127
15	142
15	198
15	202
16	17
16	18
16	19
16	20
16	21
16	28
16	70
16	73
16	77
16	78
16	80
16	87
16	99
16	100
16	101
16	103
16	105
16	106
16	107
16	109
16	110
16	111
16	113
16	115
16	116
16	117
16	123
16	133
16	144
16	175
16	177
16	178
16	180
16	186
16	187
16	194
16	197
16	200
16	204
16	205
17	18
17	19
17	21
17	25
17	36
17	38
17	47
17	48
17	49
17	50
17	51
17	52
17	53
17	54
17	55
17	56
17	57
17	59
17	72
17	74
17	76
17	77
17	78
17	83
17	85
17	86
17	87
17	88
17	95
17	96
17	99
17	100
17	101
17	103
17	105
17	106
17	107
17	108
17	109
17	110
17	111
17	112
17	113
17	114
17	115
17	116
17	117
17	118
17	119
17	120
17	122
17	123
17	129
17	131
17	132
17	133
17	135
17	136
17	153
17	154
17	162
17	165
17	169
17	172
17	173
17	174
17	175
17	176
17	178
17	179
17	186
17	187
17	188
17	191
17	193
17	194
17	195
17	196
17	197
17	198
17	199
17	200
17	201
17	202
17	203
17	204
17	205
18	19
18	20
18	28
18	44
18	97
18	107
18	108
18	111
18	116
18	118
18	132
18	172
18	184
18	187
18	193
18	197
18	202
18	204
19	20
19	21
19	22
19	23
19	24
19	29
19	30
19	33
19	34
19	39
19	45
19	46
19	71
19	89
19	96
19	100
19	105
19	117
19	174
19	176
19	194
19	195
19	198
19	201
19	204
19	205
20	21
20	22
20	23
20	24
20	25
20	26
20	27
20	28
20	29
20	30
20	31
20	32
20	33
20	35
20	38
20	39
20	40
20	41
20	42
20	74
20	75
20	94
20	95
20	96
20	97
20	99
20	100
20	102
20	103
20	105
20	106
20	107
20	114
20	117
20	140
20	168
20	176
20	182
20	203
20	204
20	205
21	22
21	23
21	24
21	25
21	26
21	27
21	28
21	29
21	30
21	31
21	32
21	33
21	34
21	35
21	36
21	37
21	38
21	39
21	41
21	42
21	43
21	44
21	47
21	83
21	92
21	99
21	100
21	105
21	107
21	113
21	117
21	124
22	23
22	24
22	25
22	26
22	27
22	28
22	29
22	30
22	31
22	32
22	33
22	34
22	35
22	36
22	37
22	38
22	39
22	40
22	41
22	42
22	43
22	45
22	46
22	47
22	48
22	50
22	51
22	52
22	54
22	55
22	58
22	59
22	61
22	67
22	68
22	70
22	72
22	73
22	76
22	78
22	80
22	81
22	82
22	83
22	88
22	92
22	95
22	96
22	98
22	99
22	100
22	101
22	102
22	103
22	104
22	105
22	106
22	107
22	108
22	110
22	115
22	117
22	120
22	121
22	123
22	124
22	129
22	131
22	140
22	148
22	149
22	150
22	151
22	165
22	166
22	167
22	168
22	169
22	170
22	171
22	172
22	178
22	184
22	195
23	24
23	25
23	26
23	27
23	28
23	29
23	30
23	31
23	32
23	33
23	34
23	35
23	36
23	37
23	38
23	39
23	40
23	41
23	42
23	43
23	44
23	45
23	46
23	47
23	48
23	49
23	51
23	52
23	53
23	54
23	55
23	56
23	57
23	60
23	61
23	66
23	67
23	69
23	71
23	74
23	81
23	84
23	87
23	95
23	96
23	97
23	98
23	99
23	100
23	102
23	103
23	104
23	105
23	106
23	107
23	108
23	111
23	114
23	115
23	116
23	120
23	122
23	129
23	135
23	136
23	151
23	152
23	160
23	166
23	168
23	172
23	174
23	178
23	180
23	187
23	197
23	203
23	204
24	25
24	26
24	27
24	28
24	29
24	30
24	31
24	32
24	33
24	34
24	35
24	36
24	37
24	38
24	39
24	42
24	43
24	45
24	47
24	55
24	64
24	70
24	82
24	96
24	97
24	99
24	100
24	102
24	105
24	107
24	134
24	143
24	157
24	169
24	175
25	26
25	27
25	28
25	29
25	30
25	31
25	32
25	33
25	34
25	36
25	37
25	38
25	40
25	41
25	42
25	43
25	44
25	45
25	47
25	54
25	57
25	67
25	99
25	102
25	106
25	157
25	172
26	27
26	28
26	29
26	30
26	31
26	32
26	33
26	34
26	35
26	38
26	39
26	42
26	43
26	45
26	46
26	47
26	49
26	67
26	72
26	85
26	94
26	95
26	96
26	97
26	98
26	99
26	100
26	102
26	105
26	107
26	113
26	131
26	135
26	165
26	172
27	28
27	29
27	30
27	31
27	32
27	33
27	34
27	35
27	36
27	37
27	38
27	39
27	40
27	41
27	42
27	44
27	45
27	46
27	47
27	54
27	55
27	67
27	73
27	95
27	96
27	97
27	99
27	100
27	102
27	103
27	106
27	107
27	118
27	122
27	157
27	175
27	193
27	196
27	205
28	29
28	30
28	31
28	32
28	33
28	34
28	35
28	36
28	39
28	40
28	42
28	43
28	46
28	47
28	67
28	73
28	74
28	86
28	94
28	102
28	107
28	205
29	30
29	31
29	32
29	33
29	34
29	35
29	36
29	37
29	38
29	39
29	41
29	42
29	43
29	45
29	46
29	47
29	97
29	133
30	31
30	32
30	33
30	34
30	35
30	36
30	38
30	39
30	40
30	41
30	42
30	43
30	47
30	55
30	63
30	75
30	97
30	102
30	107
30	110
30	181
30	182
31	32
31	33
31	34
31	35
31	36
31	37
31	38
31	39
31	42
31	43
31	45
31	46
31	47
31	53
31	70
31	74
31	85
31	95
31	96
31	98
31	99
31	103
31	107
31	129
31	160
31	169
31	195
32	33
32	34
32	35
32	36
32	38
32	42
32	43
32	44
32	45
32	47
32	56
32	67
32	71
32	80
32	94
32	96
32	97
32	99
32	101
32	102
32	104
32	105
32	107
32	110
32	113
32	115
32	117
32	118
32	165
32	176
32	195
33	34
33	35
33	36
33	37
33	38
33	39
33	40
33	41
33	42
33	43
33	44
33	45
33	46
33	47
33	48
33	49
33	53
33	54
33	55
33	56
33	57
33	59
33	60
33	61
33	64
33	65
33	66
33	77
33	80
33	81
33	85
33	87
33	95
33	96
33	97
33	99
33	100
33	101
33	103
33	104
33	105
33	106
33	107
33	109
33	117
33	118
33	124
33	127
33	129
33	130
33	131
33	132
33	135
33	137
33	138
33	152
33	158
33	165
33	166
33	168
33	169
33	170
33	171
33	172
33	174
33	187
33	189
33	191
33	193
33	196
33	201
33	202
33	204
34	35
34	36
34	37
34	38
34	39
34	40
34	41
34	42
34	43
34	44
34	45
34	46
34	47
34	50
34	51
34	54
34	59
34	60
34	63
34	65
34	73
34	95
34	96
34	97
34	99
34	100
34	101
34	102
34	103
34	105
34	106
34	107
34	108
34	110
34	112
34	127
34	135
34	140
34	149
34	159
34	201
35	36
35	37
35	38
35	39
35	41
35	42
35	43
35	44
35	45
35	46
35	47
35	65
35	73
35	85
35	87
35	97
35	99
35	100
35	102
35	104
35	107
35	138
35	143
35	165
36	37
36	38
36	39
36	42
36	45
36	47
36	65
36	75
36	77
36	95
36	96
36	97
36	100
36	102
36	103
36	104
36	105
36	106
36	107
36	136
36	168
37	38
37	40
37	43
37	45
37	83
37	96
37	98
37	99
37	103
37	104
37	105
37	132
37	147
37	192
38	39
38	41
38	42
38	45
38	46
38	47
38	51
38	65
38	70
38	100
38	110
38	128
39	41
39	42
39	43
39	45
39	47
39	58
39	92
39	105
39	112
39	114
39	117
39	194
40	41
40	42
40	43
40	44
40	45
40	46
40	47
40	96
40	99
40	102
40	103
41	42
41	43
41	44
41	45
41	46
41	47
41	96
41	100
41	102
42	43
42	45
42	46
42	47
42	51
42	56
42	67
42	70
42	74
42	79
42	83
42	86
42	95
42	96
42	98
42	99
42	100
42	102
42	103
42	112
42	134
42	170
42	171
42	172
42	189
43	44
43	45
43	46
43	47
43	96
43	99
43	100
43	102
43	104
43	134
43	169
43	176
44	45
44	46
44	47
44	193
45	46
45	47
45	59
45	64
45	68
45	74
45	92
45	95
45	96
45	99
45	100
45	101
45	102
45	103
45	104
45	106
45	107
45	108
45	170
46	47
46	83
46	96
46	99
46	102
46	103
47	51
47	54
47	83
47	95
47	99
47	100
47	102
47	104
47	105
47	106
47	168
47	172
47	204
48	49
48	50
48	51
48	52
48	53
48	54
48	55
48	56
48	57
48	58
48	59
48	60
48	61
48	62
48	63
48	64
48	65
48	66
48	67
48	68
48	69
48	70
48	71
48	72
48	73
48	74
48	75
48	76
48	77
48	78
48	79
48	80
48	81
48	82
48	83
48	84
48	85
48	86
48	87
48	88
48	89
48	90
48	91
48	92
48	93
48	94
48	95
48	96
48	97
48	98
48	99
48	100
48	101
48	102
48	103
48	104
48	105
48	106
48	107
48	108
48	109
48	110
48	111
48	112
48	113
48	114
48	115
48	116
48	117
48	118
48	119
48	120
48	121
48	122
48	123
48	124
48	125
48	126
48	127
48	128
48	130
48	131
48	132
48	133
48	134
48	135
48	136
48	137
48	138
48	139
48	140
48	141
48	142
48	143
48	144
48	145
48	146
48	147
48	148
48	149
48	150
48	151
48	152
48	154
48	155
48	156
48	157
48	158
48	159
48	160
48	161
48	162
48	163
48	165
48	166
48	167
48	168
48	169
48	170
48	171
48	172
48	173
48	174
48	175
48	176
48	177
48	178
48	179
48	180
48	181
48	182
48	183
48	184
48	185
48	186
48	187
48	188
48	189
48	190
48	191
48	192
48	193
48	195
48	196
48	197
48	198
48	199
48	200
48	201
48	202
48	203
48	204
48	205
49	50
49	51
49	52
49	53
49	54
49	55
49	56
49	57
49	58
49	59
49	60
49	61
49	62
49	63
49	64
49	66
49	67
49	69
49	70
49	71
49	72
49	73
49	74
49	75
49	76
49	77
49	78
49	79
49	80
49	82
49	85
49	86
49	87
49	88
49	89
49	90
49	91
49	92
49	93
49	94
49	95
49	96
49	97
49	98
49	99
49	100
49	101
49	103
49	104
49	105
49	106
49	107
49	108
49	109
49	110
49	111
49	112
49	113
49	114
49	115
49	116
49	117
49	118
49	119
49	120
49	121
49	122
49	123
49	124
49	126
49	127
49	128
49	129
49	131
49	132
49	133
49	134
49	135
49	136
49	137
49	138
49	139
49	140
49	141
49	151
49	155
49	167
49	170
49	171
49	172
49	173
49	176
49	178
49	179
49	180
49	182
49	183
49	184
49	185
49	187
49	188
49	189
49	190
49	191
49	194
49	195
49	196
49	197
49	198
49	199
49	200
49	201
49	202
49	203
49	204
49	205
50	51
50	52
50	53
50	54
50	55
50	56
50	57
50	58
50	59
50	60
50	62
50	63
50	64
50	65
50	66
50	67
50	68
50	69
50	70
50	71
50	72
50	73
50	74
50	75
50	76
50	77
50	78
50	79
50	80
50	82
50	85
50	86
50	87
50	88
50	89
50	90
50	92
50	94
50	97
50	98
50	100
50	101
50	102
50	103
50	104
50	105
50	108
50	110
50	111
50	112
50	113
50	114
50	115
50	116
50	117
50	118
50	119
50	120
50	121
50	122
50	123
50	125
50	127
50	130
50	131
50	132
50	134
50	137
50	138
50	144
50	146
50	147
50	149
50	159
50	160
50	162
50	175
50	176
50	178
50	179
50	180
50	182
50	183
50	184
50	185
50	186
50	187
50	188
50	190
50	191
50	192
50	195
50	196
50	197
50	198
50	199
50	202
50	203
50	205
51	52
51	53
51	54
51	55
51	56
51	57
51	58
51	59
51	60
51	61
51	62
51	63
51	64
51	65
51	66
51	67
51	68
51	69
51	70
51	71
51	72
51	73
51	74
51	75
51	76
51	77
51	78
51	79
51	80
51	84
51	86
51	87
51	88
51	90
51	92
51	93
51	94
51	95
51	96
51	97
51	98
51	99
51	100
51	101
51	102
51	103
51	104
51	105
51	106
51	108
51	109
51	110
51	111
51	113
51	114
51	115
51	116
51	118
51	119
51	120
51	121
51	122
51	123
51	130
51	131
51	132
51	133
51	134
51	135
51	140
51	141
51	143
51	145
51	146
51	151
51	159
51	167
51	169
51	170
51	171
51	173
51	174
51	176
51	178
51	179
51	180
51	181
51	183
51	184
51	186
51	191
51	194
51	195
51	197
51	200
51	201
51	203
51	204
51	205
52	53
52	54
52	55
52	56
52	57
52	58
52	59
52	60
52	61
52	62
52	63
52	64
52	65
52	66
52	67
52	69
52	70
52	71
52	72
52	73
52	74
52	75
52	76
52	77
52	78
52	79
52	80
52	86
52	90
52	93
52	94
52	98
52	100
52	102
52	103
52	104
52	109
52	110
52	114
52	115
52	118
52	119
52	120
52	121
52	122
52	128
52	130
52	136
52	138
52	146
52	147
52	175
52	180
52	185
52	187
52	192
52	196
52	197
52	199
52	200
52	201
52	203
52	205
53	54
53	55
53	56
53	57
53	58
53	59
53	60
53	61
53	62
53	63
53	64
53	66
53	67
53	68
53	69
53	70
53	71
53	72
53	73
53	74
53	75
53	76
53	77
53	78
53	79
53	82
53	83
53	84
53	86
53	88
53	90
53	93
53	94
53	95
53	96
53	97
53	98
53	99
53	100
53	101
53	102
53	103
53	104
53	106
53	107
53	108
53	111
53	112
53	113
53	114
53	116
53	118
53	119
53	120
53	121
53	122
53	127
53	130
53	133
53	137
53	140
53	143
53	145
53	146
53	147
53	151
53	154
53	157
53	170
53	171
53	173
53	177
53	180
53	183
53	184
53	188
53	189
53	194
53	195
53	197
53	200
53	202
53	203
53	205
54	55
54	56
54	57
54	58
54	59
54	60
54	61
54	62
54	63
54	64
54	65
54	67
54	69
54	70
54	72
54	73
54	74
54	76
54	77
54	78
54	79
54	80
54	83
54	87
54	88
54	90
54	93
54	95
54	96
54	97
54	98
54	99
54	100
54	101
54	102
54	103
54	104
54	105
54	106
54	107
54	108
54	109
54	110
54	111
54	113
54	114
54	115
54	117
54	120
54	122
54	123
54	126
54	132
54	133
54	147
54	159
54	160
54	161
54	167
54	172
54	179
54	187
54	193
54	197
55	56
55	57
55	58
55	59
55	60
55	61
55	62
55	63
55	64
55	65
55	66
55	67
55	68
55	69
55	70
55	71
55	72
55	73
55	74
55	75
55	76
55	77
55	78
55	79
55	80
55	82
55	87
55	89
55	90
55	92
55	93
55	95
55	96
55	97
55	98
55	99
55	100
55	101
55	102
55	103
55	104
55	105
55	106
55	107
55	108
55	109
55	110
55	111
55	113
55	114
55	116
55	117
55	118
55	119
55	120
55	121
55	122
55	123
55	125
55	126
55	134
55	169
55	172
55	174
55	177
55	178
55	180
55	182
55	183
55	184
55	186
55	187
55	188
55	193
55	196
55	200
55	202
55	203
55	205
56	57
56	58
56	59
56	60
56	61
56	62
56	63
56	64
56	65
56	66
56	67
56	69
56	70
56	71
56	72
56	73
56	75
56	76
56	77
56	78
56	79
56	80
56	92
56	95
56	96
56	97
56	98
56	99
56	100
56	101
56	104
56	105
56	110
56	114
56	115
56	120
56	127
56	144
56	154
56	169
56	171
56	174
56	177
56	178
56	191
56	192
56	194
56	196
56	199
56	200
56	202
56	203
57	58
57	62
57	63
57	64
57	67
57	69
57	70
57	71
57	72
57	73
57	74
57	75
57	76
57	77
57	78
57	79
57	80
57	91
57	101
57	102
57	103
57	104
57	116
57	119
57	120
57	121
57	123
57	131
57	132
57	136
57	169
57	177
57	201
58	59
58	60
58	61
58	62
58	63
58	64
58	66
58	69
58	70
58	71
58	72
58	73
58	74
58	75
58	76
58	77
58	78
58	79
58	80
58	83
58	86
58	87
58	92
58	95
58	97
58	98
58	99
58	100
58	101
58	103
58	104
58	106
58	108
58	110
58	111
58	116
58	120
58	122
58	126
58	127
58	132
58	178
58	183
58	193
58	195
58	198
58	202
58	204
59	60
59	61
59	62
59	63
59	64
59	65
59	66
59	67
59	68
59	69
59	70
59	71
59	72
59	73
59	74
59	75
59	76
59	77
59	78
59	79
59	80
59	81
59	82
59	83
59	84
59	85
59	86
59	87
59	88
59	89
59	90
59	91
59	92
59	93
59	94
59	95
59	96
59	97
59	98
59	99
59	100
59	101
59	102
59	104
59	105
59	106
59	108
59	109
59	110
59	111
59	112
59	113
59	114
59	115
59	116
59	117
59	118
59	119
59	120
59	121
59	122
59	123
59	124
59	125
59	127
59	130
59	132
59	133
59	135
59	136
59	138
59	139
59	140
59	141
59	142
59	144
59	145
59	146
59	147
59	154
59	166
59	167
59	168
59	171
59	172
59	173
59	174
59	175
59	177
59	180
59	181
59	182
59	183
59	184
59	185
59	186
59	187
59	188
59	189
59	190
59	191
59	192
59	195
59	196
59	197
59	198
59	199
59	200
59	202
59	203
59	204
59	205
60	61
60	62
60	63
60	64
60	65
60	66
60	67
60	68
60	69
60	70
60	71
60	72
60	73
60	74
60	75
60	76
60	77
60	78
60	79
60	80
60	81
60	82
60	83
60	84
60	85
60	86
60	87
60	88
60	89
60	90
60	91
60	92
60	93
60	94
60	95
60	96
60	97
60	98
60	100
60	102
60	104
60	106
60	107
60	108
60	109
60	110
60	111
60	112
60	113
60	114
60	115
60	116
60	118
60	119
60	120
60	121
60	122
60	123
60	125
60	129
60	131
60	132
60	133
60	139
60	140
60	142
60	143
60	145
60	146
60	152
60	159
60	169
60	173
60	174
60	175
60	177
60	179
60	180
60	182
60	183
60	184
60	185
60	186
60	187
60	188
60	189
60	190
60	191
60	192
60	195
60	196
60	197
60	199
60	200
60	201
60	202
60	205
61	62
61	64
61	65
61	66
61	67
61	68
61	69
61	70
61	71
61	73
61	76
61	78
61	79
61	80
61	81
61	82
61	83
61	84
61	85
61	86
61	87
61	88
61	89
61	90
61	91
61	92
61	94
61	95
61	96
61	97
61	98
61	99
61	100
61	104
61	110
61	111
61	112
61	114
61	115
61	119
61	121
61	122
61	123
61	125
61	126
61	127
61	129
61	131
61	132
61	134
61	135
61	136
61	137
61	138
61	141
61	142
61	143
61	145
61	146
61	148
61	149
61	150
61	152
61	153
61	154
61	157
61	158
61	160
61	161
61	162
61	163
61	164
61	165
61	166
61	171
61	173
61	174
61	178
61	180
61	181
61	183
61	185
61	186
61	187
61	188
61	189
61	190
61	191
61	192
61	194
61	195
61	200
61	203
62	63
62	64
62	65
62	66
62	67
62	68
62	69
62	70
62	71
62	72
62	73
62	75
62	76
62	77
62	78
62	79
62	80
62	83
62	86
62	87
62	89
62	90
62	91
62	92
62	93
62	94
62	98
62	102
62	103
62	104
62	108
62	111
62	115
62	119
62	120
62	121
62	122
62	123
62	131
62	133
62	134
62	137
62	142
62	143
62	146
62	168
62	179
62	180
62	183
62	185
62	186
62	188
62	189
62	192
62	196
62	199
62	200
62	202
62	205
63	64
63	65
63	66
63	67
63	68
63	69
63	70
63	71
63	72
63	73
63	76
63	77
63	78
63	79
63	80
63	86
63	89
63	106
63	119
63	120
63	122
63	123
63	139
63	179
63	190
63	197
63	199
64	65
64	66
64	67
64	68
64	69
64	70
64	71
64	72
64	73
64	74
64	75
64	76
64	77
64	78
64	79
64	80
64	82
64	83
64	86
64	88
64	90
64	91
64	92
64	94
64	101
64	104
64	110
64	118
64	119
64	120
64	121
64	122
64	123
64	129
64	136
64	137
64	138
64	144
64	145
64	146
64	149
64	169
64	181
64	185
64	188
64	189
65	66
65	67
65	68
65	69
65	70
65	71
65	72
65	74
65	75
65	76
65	78
65	79
65	80
65	81
65	86
65	87
65	88
65	89
65	90
65	91
65	92
65	93
65	94
65	95
65	98
65	102
65	106
65	109
65	110
65	112
65	114
65	116
65	119
65	120
65	121
65	122
65	123
65	127
65	129
65	136
65	137
65	138
65	139
65	141
65	143
65	144
65	145
65	146
65	147
65	149
65	160
65	166
65	171
65	175
65	177
65	178
65	181
65	182
65	183
65	185
65	188
65	189
65	190
65	191
65	192
65	193
65	205
66	67
66	68
66	70
66	72
66	75
66	76
66	86
66	88
66	90
66	91
66	92
66	93
66	94
66	116
66	124
66	140
66	157
66	160
66	161
66	172
66	182
67	70
67	73
67	78
67	79
67	82
67	85
67	87
67	94
67	107
67	134
67	169
67	175
68	71
68	86
68	87
68	110
68	130
68	182
69	70
69	71
69	72
69	73
69	74
69	75
69	76
69	77
69	78
69	79
69	80
69	81
69	82
69	83
69	84
69	85
69	86
69	87
69	88
69	89
69	90
69	91
69	93
69	94
69	95
69	96
69	97
69	98
69	99
69	100
69	101
69	102
69	103
69	104
69	105
69	106
69	107
69	108
69	109
69	110
69	111
69	114
69	115
69	116
69	117
69	119
69	120
69	121
69	122
69	123
69	124
69	125
69	126
69	130
69	131
69	132
69	133
69	135
69	136
69	137
69	138
69	139
69	140
69	141
69	142
69	143
69	145
69	148
69	150
69	156
69	160
69	162
69	164
69	169
69	171
69	173
69	174
69	176
69	179
69	181
69	187
69	191
69	193
69	199
69	200
69	203
69	205
70	71
70	72
70	73
70	74
70	75
70	76
70	77
70	78
70	79
70	80
70	83
70	85
70	88
70	89
70	90
70	93
70	94
70	95
70	97
70	101
70	102
70	103
70	105
70	108
70	111
70	115
70	117
70	119
70	120
70	121
70	124
70	125
70	132
70	135
70	138
70	145
70	159
70	162
70	165
70	183
70	190
70	195
71	72
71	73
71	74
71	75
71	76
71	77
71	78
71	79
71	80
71	81
71	84
71	85
71	90
71	92
71	93
71	95
71	98
71	100
71	101
71	106
71	108
71	116
71	118
71	120
71	122
71	131
71	137
71	152
71	185
71	200
71	203
72	73
72	74
72	75
72	76
72	77
72	78
72	79
72	80
72	82
72	84
72	85
72	89
72	90
72	93
72	94
72	101
72	108
72	113
72	122
72	129
72	133
72	137
72	144
72	152
72	159
72	165
72	187
72	189
72	193
72	202
73	74
73	75
73	76
73	77
73	78
73	79
73	80
73	86
73	91
73	93
73	97
73	103
73	105
73	116
73	120
73	132
73	169
73	185
73	196
74	75
74	76
74	77
74	78
74	79
74	89
74	98
74	100
74	101
74	104
74	112
74	118
74	120
74	123
74	128
74	160
74	189
74	194
74	195
74	199
75	76
75	77
75	79
75	80
75	87
75	90
75	121
75	146
75	167
75	169
75	192
76	77
76	78
76	79
76	80
76	81
76	83
76	84
76	85
76	87
76	88
76	89
76	90
76	92
76	93
76	94
76	95
76	96
76	99
76	100
76	103
76	105
76	107
76	108
76	109
76	111
76	112
76	118
76	120
76	121
76	122
76	124
76	126
76	127
76	128
76	132
76	133
76	135
76	136
76	137
76	140
76	141
76	142
76	144
76	145
76	148
76	149
76	150
76	151
76	153
76	154
76	158
76	159
76	160
76	161
76	162
76	163
76	166
76	167
76	168
76	173
76	174
76	182
76	187
76	188
76	189
76	191
76	197
76	199
76	200
76	201
76	203
77	78
77	79
77	80
77	84
77	86
77	88
77	89
77	94
77	97
77	98
77	99
77	103
77	104
77	105
77	107
77	114
77	115
77	116
77	120
77	122
77	123
77	124
77	129
77	131
77	132
77	137
77	140
77	156
77	159
77	172
77	187
77	199
77	204
78	79
78	80
78	81
78	84
78	85
78	86
78	87
78	88
78	90
78	92
78	93
78	94
78	95
78	96
78	97
78	98
78	99
78	100
78	101
78	102
78	104
78	105
78	106
78	107
78	108
78	109
78	111
78	113
78	115
78	117
78	118
78	119
78	120
78	121
78	122
78	123
78	124
78	126
78	130
78	131
78	132
78	135
78	136
78	137
78	138
78	139
78	140
78	143
78	145
78	146
78	147
78	148
78	149
78	150
78	152
78	153
78	154
78	157
78	158
78	159
78	160
78	161
78	163
78	164
78	165
78	168
78	170
78	171
78	172
78	177
78	178
78	179
78	190
78	191
78	193
78	194
78	196
78	197
78	199
78	200
78	201
78	202
78	203
78	204
79	80
79	81
79	82
79	83
79	84
79	85
79	87
79	90
79	91
79	92
79	93
79	94
79	96
79	98
79	99
79	101
79	102
79	103
79	104
79	105
79	106
79	108
79	109
79	110
79	111
79	112
79	115
79	117
79	118
79	119
79	120
79	121
79	122
79	123
79	126
79	127
79	137
79	140
79	141
79	146
79	149
79	152
79	153
79	154
79	158
79	159
79	162
79	163
79	164
79	165
79	167
79	168
79	172
79	178
79	182
79	183
79	191
79	192
79	193
79	195
79	199
79	202
79	203
79	204
80	81
80	84
80	90
80	91
80	92
80	94
80	97
80	108
80	112
80	128
80	132
80	177
81	82
81	83
81	84
81	85
81	86
81	87
81	88
81	89
81	90
81	91
81	92
81	93
81	94
81	98
81	110
81	111
81	112
81	114
81	116
81	118
81	121
81	122
81	123
81	124
81	125
81	127
81	130
81	131
81	132
81	135
81	136
81	138
81	139
81	141
81	143
81	144
81	147
81	149
81	152
81	155
81	158
81	159
81	160
81	161
81	165
81	169
81	173
81	175
81	177
81	178
81	179
81	181
81	183
81	184
81	185
81	187
81	188
81	189
81	190
81	191
81	192
81	198
81	199
81	200
81	201
81	202
81	203
81	204
81	205
82	83
82	84
82	85
82	86
82	87
82	88
82	91
82	93
82	94
82	95
82	96
82	99
82	100
82	103
82	107
82	111
82	120
82	130
82	135
82	136
82	137
82	138
82	139
82	140
82	141
82	145
82	146
82	149
82	150
82	151
82	152
82	153
82	154
82	155
82	156
82	157
82	158
82	159
82	160
82	161
82	162
82	163
82	164
82	165
82	166
82	167
82	168
82	169
82	170
82	171
82	172
82	173
82	175
82	177
82	179
82	180
82	183
82	186
82	188
82	189
82	191
82	192
82	193
82	195
82	196
82	198
82	199
82	200
82	204
82	205
83	84
83	85
83	86
83	87
83	88
83	90
83	93
83	103
83	113
83	124
83	125
83	128
83	130
83	131
83	132
83	133
83	135
83	141
83	144
83	146
83	151
83	152
83	158
83	159
83	160
83	161
83	165
83	168
83	181
83	193
84	85
84	86
84	87
84	88
84	89
84	90
84	92
84	93
84	94
84	95
84	97
84	99
84	102
84	103
84	104
84	105
84	109
84	110
84	111
84	112
84	115
84	117
84	121
84	122
84	123
84	124
84	127
84	128
84	130
84	132
84	135
84	136
84	137
84	138
84	139
84	140
84	141
84	142
84	143
84	144
84	145
84	146
84	147
84	148
84	149
84	150
84	151
84	152
84	153
84	154
84	155
84	156
84	157
84	158
84	159
84	160
84	161
84	162
84	163
84	164
84	165
84	166
84	167
84	168
84	170
84	171
84	172
84	173
84	174
84	175
84	176
84	177
84	180
84	181
84	182
84	184
84	185
84	186
84	187
84	188
84	189
84	190
84	191
84	192
84	193
84	198
84	199
84	204
84	205
85	86
85	87
85	88
85	91
85	92
85	93
85	94
85	109
85	112
85	113
85	117
85	118
85	124
85	125
85	126
85	129
85	130
85	131
85	132
85	133
85	135
85	141
85	146
85	147
85	148
85	149
85	150
85	151
85	152
85	153
85	154
85	156
85	158
85	159
85	160
85	161
85	162
85	163
85	164
85	165
85	166
85	168
85	172
85	175
85	176
85	184
85	186
86	87
86	88
86	90
86	92
86	93
86	94
86	124
86	132
86	134
86	143
86	151
86	152
86	159
86	162
86	164
86	166
86	180
87	88
87	90
87	91
87	92
87	93
87	104
87	105
87	115
87	124
87	134
87	136
87	140
87	152
87	156
87	158
87	159
87	160
87	162
87	164
87	165
87	166
87	169
87	192
88	89
88	90
88	91
88	92
88	93
88	94
88	95
88	99
88	105
88	110
88	113
88	115
88	118
88	120
88	121
88	123
88	124
88	125
88	126
88	128
88	129
88	130
88	132
88	135
88	136
88	137
88	138
88	139
88	140
88	141
88	142
88	143
88	144
88	146
88	147
88	148
88	149
88	150
88	151
88	153
88	154
88	156
88	157
88	158
88	159
88	160
88	161
88	162
88	163
88	164
88	165
88	166
88	167
88	168
88	170
88	171
88	172
88	173
88	174
88	175
88	177
88	181
88	182
88	185
88	187
88	188
88	189
88	190
88	191
88	193
88	194
88	197
88	200
88	201
88	203
89	90
89	91
89	92
89	93
89	94
89	135
89	136
89	137
89	138
89	139
89	140
89	141
89	143
89	144
89	145
89	146
89	147
89	148
89	149
89	150
89	151
89	152
89	153
89	155
89	158
89	161
89	162
89	163
89	164
89	171
89	172
89	185
89	190
90	91
90	92
90	93
90	94
90	99
90	100
90	102
90	114
90	124
90	125
90	128
90	130
90	132
90	133
90	134
90	135
90	137
90	138
90	139
90	140
90	143
90	144
90	146
90	147
90	148
90	149
90	150
90	151
90	152
90	153
90	154
90	155
90	156
90	157
90	158
90	159
90	160
90	161
90	162
90	163
90	164
90	165
90	166
90	168
90	170
90	171
90	172
90	175
90	177
90	178
90	181
90	187
90	191
90	193
90	203
91	92
91	93
91	94
91	129
91	135
91	136
91	143
91	144
91	150
91	163
91	164
91	165
91	182
91	183
92	93
92	94
92	113
92	136
92	137
92	138
92	143
92	144
92	152
92	166
92	170
93	94
93	100
93	102
93	109
93	110
93	119
93	125
93	131
93	132
93	134
93	135
93	136
93	137
93	138
93	139
93	141
93	143
93	144
93	145
93	146
93	147
93	148
93	149
93	150
93	151
93	152
93	153
93	154
93	155
93	157
93	158
93	159
93	160
93	161
93	162
93	163
93	164
93	165
93	166
93	167
93	171
93	173
93	184
93	185
93	186
93	188
93	190
93	191
93	192
93	199
94	96
94	100
94	117
94	126
94	132
94	135
94	136
94	137
94	140
94	143
94	146
94	147
94	148
94	149
94	150
94	151
94	152
94	153
94	154
94	156
94	157
94	158
94	159
94	160
94	161
94	163
94	164
94	165
94	166
94	167
94	168
94	171
94	180
94	182
94	183
94	189
94	191
94	193
94	199
94	202
95	96
95	97
95	98
95	99
95	100
95	101
95	102
95	103
95	104
95	105
95	106
95	107
95	108
95	109
95	110
95	111
95	113
95	114
95	115
95	117
95	118
95	120
95	121
95	122
95	123
95	126
95	127
95	130
95	131
95	134
95	135
95	137
95	152
95	155
95	157
95	169
95	170
95	172
95	174
95	177
95	180
95	185
95	187
95	194
95	195
95	196
95	198
95	200
95	201
95	202
96	97
96	98
96	99
96	100
96	101
96	102
96	103
96	104
96	105
96	106
96	107
96	108
96	109
96	110
96	111
96	113
96	115
96	116
96	117
96	119
96	120
96	122
96	123
96	124
96	126
96	127
96	129
96	130
96	131
96	132
96	143
96	147
96	157
96	159
96	166
96	171
96	172
96	174
96	175
96	179
96	181
96	183
96	184
96	190
96	196
96	197
96	198
96	200
96	202
96	203
96	204
96	205
97	98
97	99
97	100
97	101
97	102
97	103
97	104
97	105
97	106
97	107
97	108
97	109
97	110
97	111
97	116
97	117
97	134
97	170
97	183
97	196
97	205
98	99
98	100
98	101
98	102
98	103
98	104
98	105
98	106
98	107
98	108
98	109
98	110
98	111
98	113
98	115
98	117
98	118
98	120
98	122
98	123
98	127
98	130
98	149
98	189
98	202
98	205
99	100
99	101
99	102
99	103
99	104
99	105
99	106
99	107
99	108
99	109
99	110
99	115
99	119
99	122
99	129
99	137
99	168
99	169
99	177
99	181
99	187
99	193
99	195
99	202
99	203
99	204
100	101
100	102
100	103
100	104
100	105
100	106
100	107
100	108
100	109
100	110
100	111
100	112
100	115
100	117
100	118
100	119
100	120
100	121
100	122
100	123
100	124
100	127
100	128
100	129
100	130
100	131
100	133
100	134
100	135
100	141
100	145
100	156
100	162
100	165
100	168
100	174
100	175
100	176
100	183
100	185
100	188
100	189
100	193
100	194
100	196
100	198
100	199
100	201
100	202
100	203
100	204
101	102
101	103
101	104
101	105
101	106
101	107
101	108
101	109
101	110
101	111
101	112
101	113
101	114
101	115
101	116
101	117
101	118
101	119
101	120
101	126
101	127
101	131
101	139
101	141
101	162
101	168
101	171
101	172
101	175
101	180
101	188
101	192
101	196
101	197
101	202
101	203
102	103
102	104
102	105
102	106
102	107
102	108
102	111
102	122
102	168
102	195
102	202
102	203
103	104
103	105
103	106
103	107
103	108
103	110
103	113
103	115
103	116
103	117
103	118
103	169
103	183
104	105
104	106
104	107
104	108
104	109
104	110
104	111
104	113
104	114
104	115
104	116
104	117
104	118
104	120
104	122
104	123
104	124
104	129
104	130
104	135
104	146
104	147
104	149
104	152
104	154
104	155
104	156
104	161
104	167
104	170
104	173
104	174
104	176
104	178
104	179
104	182
104	183
104	187
104	193
104	196
104	198
104	199
104	201
104	204
105	106
105	107
105	108
105	109
105	111
105	113
105	114
105	115
105	116
105	117
105	120
105	121
105	123
105	125
105	133
105	168
105	179
105	187
105	189
105	197
105	204
106	107
106	108
106	109
106	110
106	112
106	113
106	114
106	115
106	116
106	117
106	119
106	120
106	122
106	123
106	127
106	129
106	137
106	155
106	157
106	175
106	181
106	186
106	187
106	189
106	193
106	194
106	196
106	197
106	198
106	201
106	204
107	108
107	109
107	113
107	122
107	152
107	165
107	195
107	198
108	109
108	110
108	111
108	112
108	113
108	114
108	115
108	116
108	117
108	118
108	119
108	120
108	121
108	122
108	123
108	127
108	130
108	131
108	132
108	133
108	134
108	135
108	137
108	138
108	139
108	140
108	143
108	147
108	150
108	151
108	154
108	155
108	157
108	158
108	159
108	163
108	166
108	167
108	170
108	173
108	178
108	180
108	182
108	184
108	186
108	188
108	193
108	194
108	195
108	196
108	197
108	198
108	199
108	200
108	201
108	203
108	204
108	205
109	110
109	111
109	112
109	113
109	114
109	115
109	116
109	117
109	118
109	119
109	120
109	121
109	122
109	123
109	124
109	125
109	126
109	127
109	128
109	129
109	130
109	131
109	133
109	135
109	136
109	138
109	140
109	141
109	144
109	148
109	149
109	150
109	153
109	154
109	155
109	157
109	159
109	160
109	162
109	165
109	166
109	167
109	168
109	169
109	171
109	172
109	173
109	174
109	178
109	179
109	180
109	181
109	186
109	187
109	188
109	189
109	191
109	192
109	193
109	194
109	195
109	196
109	197
109	198
109	199
109	200
109	202
109	203
109	204
109	205
110	111
110	112
110	113
110	114
110	115
110	116
110	117
110	118
110	119
110	120
110	122
110	123
110	131
110	132
110	134
110	146
110	151
110	155
110	159
110	178
110	179
110	184
110	195
110	196
110	198
110	200
110	201
110	203
111	112
111	113
111	114
111	115
111	116
111	117
111	118
111	119
111	120
111	121
111	122
111	123
111	126
111	127
111	132
111	135
111	136
111	138
111	140
111	144
111	146
111	149
111	150
111	154
111	156
111	158
111	161
111	162
111	164
111	168
111	170
111	173
111	174
111	179
111	181
111	183
111	184
111	185
111	186
111	187
111	194
111	195
111	196
111	197
111	198
111	200
111	201
111	202
111	204
111	205
112	113
112	114
112	115
112	116
112	117
112	118
112	119
112	120
112	121
112	122
112	123
112	124
112	126
112	127
112	133
112	136
112	142
112	186
112	192
112	197
113	114
113	115
113	116
113	117
113	118
113	119
113	120
113	121
113	122
113	123
113	124
113	130
113	133
113	134
113	135
113	169
113	180
113	186
113	192
113	194
113	196
113	197
113	198
113	199
113	201
113	202
113	203
114	115
114	116
114	117
114	118
114	119
114	122
114	123
114	169
114	205
115	116
115	117
115	118
115	119
115	120
115	121
115	122
115	123
115	126
115	127
115	129
115	130
115	135
115	137
115	140
115	142
115	143
115	144
115	146
115	155
115	159
115	161
115	162
115	167
115	169
115	173
115	174
115	175
115	177
115	178
115	180
115	184
115	186
115	192
115	194
115	195
115	196
115	197
115	198
115	199
115	200
115	202
115	203
116	117
116	118
116	119
116	120
116	121
116	122
116	123
116	126
116	130
116	133
116	134
116	140
116	141
116	158
116	164
116	169
116	178
116	195
116	196
116	197
116	200
116	202
117	118
117	119
117	120
117	121
117	122
117	123
117	126
117	132
117	160
117	168
117	169
117	180
117	183
117	186
117	190
117	194
117	196
117	197
117	198
118	119
118	120
118	121
118	122
118	123
118	126
118	127
118	130
118	132
118	136
118	138
118	141
118	142
118	144
118	147
118	148
118	149
118	150
118	152
118	153
118	156
118	158
118	159
118	163
118	164
118	168
118	171
118	172
118	179
118	180
118	184
118	187
118	194
118	195
118	196
118	197
118	198
118	200
118	202
118	203
119	120
119	121
119	122
119	123
119	124
119	125
119	126
119	127
119	129
119	130
119	131
119	132
119	133
119	134
119	136
119	138
119	139
119	140
119	143
119	144
119	146
119	147
119	148
119	149
119	150
119	151
119	152
119	153
119	154
119	156
119	158
119	159
119	162
119	163
119	164
119	165
119	172
119	173
119	177
119	180
119	181
119	183
119	190
119	192
119	195
119	196
119	199
119	200
119	201
119	203
119	204
120	121
120	122
120	123
120	126
120	133
120	135
120	136
120	138
120	140
120	141
120	142
120	145
120	147
120	148
120	149
120	150
120	151
120	152
120	153
120	154
120	158
120	163
120	164
120	166
120	167
120	174
120	179
120	180
120	181
120	183
120	186
120	187
120	188
120	189
120	192
120	194
120	195
120	196
120	197
120	198
120	199
120	200
120	203
120	205
121	122
121	123
121	124
121	125
121	126
121	130
121	131
121	132
121	133
121	134
121	135
121	136
121	138
121	147
121	148
121	149
121	150
121	151
121	153
121	156
121	157
121	158
121	160
121	162
121	163
121	164
121	172
121	183
121	199
121	201
121	202
121	204
122	123
122	124
122	125
122	126
122	127
122	129
122	130
122	132
122	133
122	135
122	136
122	137
122	138
122	139
122	140
122	141
122	144
122	145
122	148
122	149
122	150
122	151
122	152
122	153
122	154
122	155
122	156
122	158
122	159
122	162
122	163
122	164
122	166
122	167
122	168
122	170
122	173
122	174
122	180
122	183
122	186
122	191
122	193
122	195
122	196
122	197
122	198
122	199
122	200
122	201
122	202
122	203
122	204
122	205
123	127
123	129
123	130
123	131
123	132
123	133
123	134
123	135
123	136
123	138
123	140
123	143
123	144
123	145
123	147
123	148
123	149
123	150
123	151
123	153
123	154
123	157
123	158
123	159
123	161
123	162
123	163
123	164
123	171
123	174
123	180
123	184
123	185
123	186
123	189
123	196
123	197
123	199
123	200
123	201
123	203
124	125
124	126
124	127
124	128
124	129
124	130
124	131
124	132
124	133
124	134
124	135
124	136
124	137
124	139
124	140
124	141
124	142
124	143
124	144
124	156
124	189
124	192
124	199
124	201
124	202
125	126
125	127
125	128
125	129
125	130
125	131
125	132
125	133
125	134
126	127
126	129
126	130
126	131
126	132
126	134
126	175
126	176
126	177
126	178
126	179
126	181
126	182
126	183
126	184
126	186
126	187
126	194
126	196
126	198
126	199
127	128
127	129
127	130
127	131
127	132
127	133
127	134
127	140
127	141
127	142
127	147
127	156
127	173
127	205
128	130
128	132
128	133
128	134
129	130
129	131
129	132
129	134
130	131
130	132
130	133
130	134
131	132
131	133
131	137
131	140
131	141
131	143
131	147
131	176
131	187
132	133
132	134
132	137
132	140
132	144
132	145
133	134
133	136
133	140
133	149
133	163
133	186
134	140
135	136
135	137
135	138
135	139
135	140
135	141
135	142
135	143
135	144
135	145
135	146
135	147
135	148
135	149
135	150
135	151
135	152
135	153
135	154
135	155
135	156
135	157
135	158
135	159
135	160
135	161
135	162
135	163
135	164
135	165
135	166
135	167
135	168
135	170
135	171
135	172
135	173
135	174
135	176
135	179
135	181
135	182
135	183
135	184
135	185
135	186
135	188
135	189
135	190
135	191
135	192
135	193
135	195
135	199
135	200
135	202
135	205
136	137
136	138
136	139
136	140
136	141
136	142
136	143
136	144
136	145
136	146
136	147
136	148
136	149
136	150
136	151
136	152
136	153
136	154
136	155
136	156
136	157
136	158
136	159
136	160
136	161
136	162
136	163
136	164
136	165
136	166
136	167
136	169
136	170
136	171
136	173
136	177
136	179
136	180
136	181
136	182
136	184
136	188
136	190
137	138
137	139
137	140
137	141
137	142
137	143
137	144
137	145
137	146
137	147
137	148
137	149
137	150
137	151
137	153
137	154
137	155
137	157
137	158
137	161
137	162
137	163
137	164
137	165
137	166
137	167
137	170
137	171
137	175
137	182
137	188
137	189
137	191
137	193
138	139
138	140
138	141
138	142
138	143
138	144
138	145
138	146
138	147
138	148
138	149
138	150
138	151
138	152
138	153
138	154
138	155
138	156
138	157
138	158
138	159
138	160
138	161
138	162
138	163
138	164
138	165
138	166
138	167
138	168
138	169
138	170
138	171
138	172
138	173
138	177
138	180
138	182
138	183
138	184
138	185
138	188
138	190
138	191
138	192
138	193
138	197
139	140
139	141
139	142
139	143
139	144
139	145
139	146
139	147
139	148
139	149
139	150
139	151
139	152
139	153
139	154
139	155
139	156
139	157
139	158
139	159
139	160
139	161
139	162
139	163
139	164
139	165
139	166
139	167
139	168
139	169
139	170
139	171
139	172
139	173
139	174
139	175
139	178
139	179
139	182
139	183
139	186
139	187
139	188
139	189
139	190
139	191
139	192
139	193
139	198
139	200
139	202
139	203
140	141
140	142
140	143
140	144
140	145
140	146
140	147
140	148
140	149
140	150
140	151
140	152
140	153
140	154
140	155
140	156
140	157
140	158
140	160
140	161
140	162
140	163
140	164
140	165
140	166
140	167
140	168
140	169
140	170
140	171
140	172
140	173
140	176
140	177
140	179
140	183
140	187
140	188
140	193
140	202
140	205
141	142
141	143
141	144
141	145
141	146
141	147
141	148
141	149
141	150
141	151
141	152
141	153
141	154
141	155
141	156
141	157
141	158
141	159
141	160
141	161
141	162
141	163
141	164
141	165
141	166
141	167
141	168
141	169
141	170
141	171
141	172
141	173
141	174
141	181
141	182
141	184
141	185
141	186
141	187
141	188
141	189
141	190
141	191
141	192
141	196
141	197
141	199
141	201
142	143
142	144
142	145
142	146
142	147
142	148
142	149
142	150
142	151
142	152
142	153
142	154
142	158
142	162
142	163
142	164
142	171
142	192
142	195
143	144
143	145
143	146
143	147
143	148
143	149
143	150
143	151
143	152
143	153
143	154
143	155
143	156
143	157
143	158
143	159
143	160
143	161
143	162
143	163
143	164
143	165
143	166
143	167
143	168
143	171
143	172
143	173
143	175
143	176
143	182
143	184
143	185
143	188
143	197
144	145
144	146
144	147
144	148
144	149
144	150
144	151
144	152
144	153
144	154
144	155
144	156
144	157
144	158
144	159
144	160
144	161
144	162
144	163
144	164
144	165
144	166
144	167
144	168
144	170
144	171
144	172
144	186
144	191
144	196
144	199
145	146
145	147
145	148
145	149
145	150
145	151
145	152
145	153
145	154
145	155
145	156
145	157
145	158
145	159
145	161
145	162
145	163
145	164
145	165
145	166
145	167
145	168
145	169
145	171
145	172
145	173
145	183
145	186
145	188
145	189
145	193
145	201
146	147
146	148
146	149
146	150
146	151
146	152
146	153
146	154
146	155
146	156
146	157
146	158
146	160
146	162
146	163
146	164
146	165
146	166
146	167
146	170
146	171
146	173
146	175
146	176
146	177
146	179
146	180
146	181
146	183
146	184
146	185
146	186
146	188
146	190
146	191
146	193
146	198
146	199
147	148
147	149
147	150
147	151
147	153
147	154
147	155
147	156
147	157
147	158
147	159
147	161
147	162
147	163
147	164
147	165
147	166
147	167
147	168
147	169
147	171
147	172
147	173
147	178
147	180
147	188
147	189
147	190
147	191
147	192
147	205
148	149
148	150
148	151
148	152
148	153
148	154
148	155
148	156
148	157
148	158
148	159
148	160
148	161
148	162
148	163
148	164
148	165
148	166
148	167
148	168
148	169
148	170
148	171
148	172
148	173
148	174
148	175
148	176
148	177
148	178
148	179
148	180
148	181
148	182
148	183
148	184
148	185
148	186
148	187
148	188
148	189
148	190
148	191
148	192
148	193
148	195
148	196
148	197
148	198
148	199
148	200
148	201
148	202
148	203
148	204
148	205
149	150
149	151
149	152
149	153
149	154
149	155
149	156
149	157
149	158
149	159
149	160
149	161
149	162
149	163
149	164
149	165
149	166
149	167
149	168
149	169
149	171
149	175
149	180
149	194
150	151
150	152
150	153
150	154
150	155
150	156
150	157
150	158
150	159
150	160
150	161
150	162
150	163
150	164
150	165
150	166
150	167
150	168
150	169
150	170
150	171
150	172
150	173
150	174
150	175
150	177
150	178
150	179
150	180
150	181
150	182
150	183
150	184
150	185
150	186
150	187
150	188
150	189
150	190
150	191
150	192
150	193
150	194
150	195
150	196
150	197
150	198
150	199
150	200
150	201
150	202
150	203
150	204
151	152
151	153
151	154
151	155
151	156
151	157
151	158
151	159
151	160
151	161
151	162
151	163
151	164
151	165
151	166
151	167
151	168
151	170
151	171
151	172
151	175
151	177
151	178
151	180
151	181
151	182
151	183
151	184
151	185
151	188
151	195
151	200
151	202
151	203
152	153
152	154
152	155
152	156
152	157
152	158
152	159
152	160
152	161
152	162
152	163
152	164
152	165
152	166
152	167
152	169
152	170
152	171
152	172
152	177
152	184
152	185
152	186
152	187
152	189
152	190
152	191
152	192
153	154
153	155
153	156
153	157
153	158
153	159
153	160
153	161
153	162
153	163
153	164
153	165
153	166
153	167
153	168
153	169
153	170
153	171
153	173
153	174
153	175
153	176
153	177
153	178
153	179
153	180
153	181
153	182
153	183
153	184
153	185
153	186
153	187
153	188
153	189
153	190
153	191
153	192
153	193
153	194
153	195
153	198
153	199
153	200
153	201
153	203
154	155
154	156
154	157
154	158
154	159
154	160
154	161
154	162
154	163
154	164
154	165
154	166
154	167
154	168
154	170
154	171
154	172
154	175
154	177
154	181
154	186
154	192
154	199
155	156
155	157
155	158
155	159
155	160
155	161
155	162
155	163
155	164
155	165
155	166
155	167
155	168
155	169
155	170
155	171
155	172
155	173
155	174
155	176
155	183
155	184
155	185
155	189
155	191
156	157
156	158
156	159
156	160
156	161
156	162
156	163
156	164
156	165
156	166
156	167
156	168
156	169
156	170
156	171
156	172
156	184
156	186
156	192
157	158
157	159
157	160
157	161
157	162
157	163
157	164
157	165
157	166
157	167
157	169
157	170
157	171
157	184
157	185
157	189
157	190
157	198
158	159
158	160
158	161
158	162
158	163
158	164
158	165
158	166
158	167
158	169
158	170
158	171
158	172
158	173
158	174
158	175
158	177
158	181
158	182
158	183
158	184
158	185
158	186
158	188
158	189
158	190
158	192
158	197
158	198
158	199
158	201
158	205
159	160
159	161
159	162
159	163
159	164
159	165
159	166
159	168
159	171
159	172
159	184
159	198
160	161
160	162
160	163
160	164
160	165
160	169
160	171
160	172
160	186
160	189
161	162
161	163
161	164
161	165
161	166
161	168
161	169
161	170
161	173
161	176
161	189
162	163
162	164
162	165
162	166
162	167
162	168
162	169
162	170
162	177
162	182
162	190
163	164
163	165
163	166
163	167
163	168
163	169
163	170
163	171
163	172
163	173
163	174
163	175
163	176
163	177
163	178
163	179
163	180
163	181
163	182
163	184
163	185
163	186
163	187
163	188
163	189
163	190
163	191
163	192
163	193
163	195
163	196
163	197
163	198
163	199
163	200
163	202
163	203
163	204
164	165
164	166
164	167
164	168
164	169
164	170
164	175
164	177
164	179
164	180
164	181
164	182
164	183
164	184
164	185
164	186
164	187
164	189
164	190
164	197
164	198
164	200
164	205
165	166
165	167
165	168
165	169
165	171
165	172
165	180
165	185
165	186
165	190
165	191
165	192
165	199
166	167
166	168
166	169
166	170
166	171
166	172
166	173
166	174
166	177
166	179
166	180
166	182
166	183
166	184
166	186
166	187
166	188
166	189
166	190
166	191
166	192
166	193
166	196
167	168
167	169
167	170
167	172
167	173
167	174
167	175
167	176
167	177
167	178
167	181
167	182
167	184
167	188
167	190
167	191
167	196
167	201
167	204
167	205
168	169
168	170
168	171
168	173
168	174
168	175
168	177
168	178
168	179
168	180
168	181
168	183
168	188
168	189
168	190
168	193
168	195
168	200
169	170
169	177
169	189
169	190
169	193
170	172
170	175
170	187
170	189
170	192
170	193
171	172
171	173
171	174
171	175
171	177
171	178
171	179
171	180
171	182
171	184
171	185
171	187
171	188
171	189
171	190
171	200
171	201
171	202
171	203
171	205
172	173
172	174
172	175
172	178
172	179
172	182
172	183
172	186
172	188
172	190
172	196
172	199
172	200
172	201
172	202
172	203
172	204
172	205
173	174
173	175
173	176
173	177
173	178
173	179
173	180
173	181
173	182
173	183
173	184
173	185
173	186
173	187
173	188
173	189
173	190
173	191
173	192
173	193
173	194
173	195
173	196
173	197
173	198
173	199
173	200
173	201
173	202
173	203
173	204
173	205
174	175
174	176
174	177
174	178
174	179
174	180
174	181
174	182
174	183
174	184
174	185
174	186
174	187
174	188
174	189
174	190
174	191
174	192
174	193
174	194
174	195
174	196
174	197
174	198
174	199
174	200
174	201
174	202
174	203
174	204
174	205
175	176
175	177
175	178
175	179
175	180
175	181
175	182
175	183
175	184
175	185
175	186
175	187
175	188
175	189
175	190
175	191
175	192
175	193
175	194
175	195
175	197
175	198
175	199
175	200
175	201
176	177
176	178
176	179
176	180
176	181
176	182
176	183
176	184
176	185
176	186
176	187
176	189
176	191
176	192
176	193
176	195
176	198
177	178
177	179
177	180
177	181
177	182
177	183
177	184
177	185
177	186
177	187
177	188
177	189
177	190
177	191
177	192
177	193
177	195
177	197
177	199
177	204
178	179
178	180
178	181
178	182
178	183
178	184
178	185
178	186
178	187
178	188
178	189
178	190
178	191
178	193
178	194
178	195
178	196
178	198
178	199
178	200
178	201
178	202
178	203
179	180
179	181
179	182
179	183
179	184
179	185
179	186
179	187
179	188
179	189
179	190
179	191
179	192
179	193
179	195
179	196
179	197
179	198
179	199
179	200
179	202
179	203
180	181
180	182
180	183
180	184
180	185
180	186
180	187
180	190
180	191
180	192
180	193
180	194
180	195
180	196
180	197
180	198
180	199
180	200
180	202
181	182
181	183
181	184
181	185
181	186
181	187
181	188
181	189
181	190
181	191
181	192
181	193
181	195
181	196
181	197
181	198
181	199
181	201
181	202
181	203
182	183
182	184
182	185
182	186
182	187
182	188
182	189
182	190
182	191
182	192
182	193
182	198
182	199
182	205
183	184
183	185
183	186
183	187
183	188
183	189
183	190
183	191
183	192
183	193
183	197
183	198
183	202
183	204
184	185
184	186
184	187
184	188
184	189
184	190
184	191
184	192
184	193
184	194
184	195
184	196
184	197
184	198
184	199
184	200
184	201
184	202
184	203
184	204
185	186
185	187
185	188
185	189
185	190
185	191
185	192
185	193
185	197
185	198
185	199
185	201
185	203
185	204
185	205
186	187
186	188
186	189
186	190
186	191
186	192
186	193
186	195
186	196
186	197
186	198
186	199
186	202
187	190
187	191
187	192
187	195
187	197
187	198
187	199
187	202
188	189
188	190
188	191
188	192
188	193
188	198
188	205
189	190
189	191
189	192
189	193
190	191
190	192
190	193
191	192
191	193
191	195
191	198
191	203
191	204
191	205
192	193
192	195
192	205
194	195
194	196
194	197
194	198
194	199
195	196
195	197
195	198
195	199
195	200
195	201
195	202
195	203
195	204
195	205
196	197
196	198
196	199
196	200
196	201
196	202
196	203
196	204
196	205
197	198
197	199
197	200
197	202
197	203
197	204
197	205
198	199
198	200
198	201
198	202
198	203
198	204
199	202
199	203
199	205
200	201
200	202
200	203
200	204
200	205
201	202
201	203
201	204
201	205
202	203
202	204
202	205
203	204
203	205
204	205
