0	1
0	2
0	3
0	4
0	5
0	6
0	7
0	8
0	9
0	10
0	11
0	12
0	13
0	14
0	15
0	16
0	17
0	18
0	19
0	20
0	21
0	22
0	23
0	24
0	25
0	26
0	27
0	28
0	29
0	30
0	31
0	32
0	33
0	34
0	35
0	36
0	37
0	38
0	39
0	40
0	41
0	42
0	43
0	44
0	45
0	46
0	47
0	48
0	49
0	50
0	51
0	52
0	53
0	54
0	55
0	56
0	57
0	58
0	59
0	61
0	64
0	67
0	69
0	70
0	71
0	72
0	73
0	74
0	75
0	76
0	77
0	78
0	79
0	80
0	81
0	82
0	83
0	85
0	86
0	87
0	88
0	89
0	90
0	91
0	92
0	93
0	95
0	96
0	97
0	98
0	99
0	100
0	101
0	102
0	103
0	104
0	105
0	106
0	107
0	108
0	109
0	110
0	111
0	112
0	113
0	114
0	115
0	116
0	117
0	118
0	119
0	120
0	121
0	122
0	123
0	124
0	126
0	127
0	130
0	131
0	132
0	133
0	134
0	135
0	136
0	137
0	138
0	139
0	140
0	141
0	142
0	143
0	144
0	145
0	146
0	147
0	148
0	150
0	151
0	156
0	157
0	159
0	160
0	161
0	164
0	166
0	167
0	168
0	171
0	172
0	173
0	174
0	175
0	177
0	178
0	179
0	180
0	181
0	183
0	184
0	185
0	186
0	187
0	188
0	189
0	190
0	191
0	192
0	193
0	194
0	195
0	196
0	197
0	198
0	199
0	200
0	201
0	202
0	203
0	204
0	205
1	2
1	3
1	4
1	5
1	6
1	7
1	8
1	9
1	10
1	11
1	12
1	13
1	14
1	15
1	16
1	17
1	18
1	19
1	20
1	21
1	22
1	23
1	24
1	25
1	26
1	27
1	28
1	29
1	30
1	31
1	32
1	33
1	34
1	35
1	36
1	37
1	38
1	39
1	40
1	41
1	42
1	43
1	44
1	45
1	46
1	47
1	49
1	50
1	51
1	52
1	53
1	54
1	55
1	56
1	57
1	58
1	61
1	62
1	67
1	69
1	70
1	71
1	73
1	74
1	75
1	76
1	78
1	79
1	81
1	86
1	87
1	88
1	90
1	91
1	95
1	96
1	97
1	98
1	99
1	100
1	101
1	102
1	103
1	104
1	105
1	106
1	107
1	108
1	109
1	110
1	112
1	113
1	115
1	116
1	117
1	118
1	119
1	120
1	121
1	122
1	123
1	124
1	126
1	127
1	129
1	132
1	134
1	135
1	137
1	169
1	171
1	173
1	174
1	176
1	177
1	178
1	179
1	180
1	181
1	182
1	185
1	186
1	187
1	191
1	194
1	195
1	196
1	197
1	198
1	199
1	200
1	201
1	202
1	204
2	3
2	4
2	5
2	6
2	7
2	8
2	9
2	10
2	11
2	12
2	13
2	14
2	15
2	16
2	17
2	18
2	19
2	20
2	22
2	23
2	24
2	25
2	26
2	27
2	28
2	29
2	30
2	31
2	32
2	33
2	34
2	35
2	36
2	38
2	42
2	43
2	45
2	47
2	49
2	50
2	51
2	53
2	54
2	55
2	56
2	57
2	58
2	59
2	62
2	69
2	70
2	71
2	73
2	76
2	77
2	78
2	79
2	83
2	86
2	87
2	88
2	89
2	90
2	93
2	95
2	96
2	97
2	98
2	99
2	100
2	101
2	102
2	103
2	104
2	105
2	106
2	107
2	108
2	109
2	111
2	112
2	113
2	114
2	115
2	116
2	117
2	118
2	119
2	120
2	121
2	122
2	123
2	124
2	126
2	128
2	130
2	134
2	135
2	137
2	138
2	140
2	141
2	147
2	159
2	165
2	166
2	167
2	168
2	171
2	172
2	173
2	174
2	175
2	176
2	178
2	179
2	181
2	183
2	184
2	185
2	186
2	187
2	188
2	190
2	191
2	193
2	195
2	196
2	197
2	198
2	199
2	200
2	201
2	203
2	204
2	205
3	4
3	5
3	6
3	7
3	8
3	9
3	10
3	11
3	12
3	13
3	14
3	15
3	16
3	17
3	18
3	19
3	20
3	21
3	22
3	23
3	24
3	25
3	26
3	27
3	28
3	29
3	30
3	31
3	32
3	33
3	34
3	35
3	36
3	38
3	40
3	42
3	43
3	44
3	45
3	47
3	52
3	53
3	54
3	55
3	56
3	58
3	61
3	65
3	67
3	71
3	74
3	78
3	79
3	83
3	95
3	97
3	98
3	99
3	100
3	101
3	102
3	103
3	104
3	105
3	106
3	107
3	108
3	113
3	114
3	115
3	116
3	117
3	118
3	121
3	123
3	124
3	165
3	169
3	178
3	185
3	187
3	195
3	196
3	199
3	204
4	5
4	6
4	7
4	8
4	9
4	10
4	11
4	12
4	13
4	15
4	18
4	20
4	21
4	22
4	23
4	24
4	25
4	26
4	27
4	28
4	29
4	30
4	31
4	32
4	33
4	34
4	35
4	36
4	38
4	39
4	41
4	42
4	43
4	44
4	45
4	46
4	47
4	54
4	77
4	82
4	96
4	98
4	99
4	100
4	101
4	102
4	105
4	107
4	112
4	125
4	172
4	179
4	200
5	6
5	7
5	8
5	9
5	10
5	11
5	12
5	13
5	14
5	15
5	16
5	17
5	18
5	19
5	20
5	21
5	22
5	23
5	24
5	25
5	26
5	27
5	28
5	29
5	30
5	31
5	32
5	34
5	35
5	36
5	38
5	42
5	45
5	47
5	48
5	49
5	50
5	51
5	52
5	53
5	54
5	55
5	56
5	57
5	58
5	62
5	68
5	69
5	70
5	71
5	73
5	75
5	76
5	78
5	79
5	82
5	83
5	86
5	87
5	88
5	89
5	90
5	95
5	96
5	97
5	98
5	99
5	100
5	101
5	102
5	103
5	104
5	105
5	106
5	107
5	108
5	109
5	110
5	111
5	112
5	113
5	114
5	115
5	116
5	117
5	118
5	119
5	120
5	121
5	122
5	123
5	125
5	127
5	130
5	135
5	138
5	140
5	141
5	143
5	145
5	151
5	153
5	156
5	157
5	160
5	164
5	167
5	168
5	169
5	171
5	173
5	176
5	178
5	179
5	180
5	181
5	183
5	187
5	192
5	193
5	194
5	195
5	196
5	197
5	198
5	199
5	200
5	201
5	202
5	203
5	204
5	205
6	7
6	8
6	9
6	10
6	11
6	12
6	13
6	14
6	15
6	16
6	17
6	18
6	19
6	20
6	21
6	22
6	26
6	27
6	30
6	31
6	32
6	33
6	34
6	35
6	40
6	45
6	46
6	47
6	49
6	50
6	51
6	52
6	53
6	54
6	55
6	56
6	57
6	58
6	63
6	69
6	70
6	71
6	72
6	73
6	75
6	77
6	78
6	79
6	88
6	93
6	95
6	96
6	97
6	98
6	99
6	100
6	101
6	102
6	103
6	104
6	105
6	106
6	107
6	108
6	109
6	110
6	111
6	112
6	113
6	114
6	115
6	117
6	118
6	119
6	120
6	123
6	126
6	128
6	131
6	134
6	138
6	142
6	143
6	145
6	157
6	166
6	168
6	169
6	175
6	176
6	177
6	184
6	191
6	194
6	195
6	196
6	197
6	198
6	199
6	200
6	203
6	204
7	8
7	9
7	10
7	11
7	12
7	13
7	14
7	15
7	16
7	18
7	19
7	20
7	21
7	22
7	23
7	24
7	26
7	29
7	31
7	32
7	33
7	34
7	35
7	38
7	42
7	46
7	50
7	51
7	52
7	53
7	54
7	55
7	56
7	57
7	58
7	63
7	68
7	69
7	70
7	77
7	78
7	79
7	95
7	96
7	97
7	99
7	100
7	101
7	103
7	104
7	105
7	106
7	107
7	108
7	109
7	110
7	112
7	113
7	114
7	115
7	116
7	117
7	118
7	119
7	120
7	122
7	123
7	126
7	127
7	129
7	130
7	136
7	138
7	142
7	144
7	147
7	160
7	173
7	174
7	176
7	179
7	180
7	183
7	184
7	187
7	188
7	190
7	193
7	194
7	195
7	196
7	198
7	199
7	200
7	201
7	202
7	203
7	204
7	205
8	9
8	10
8	11
8	12
8	13
8	14
8	15
8	18
8	19
8	20
8	22
8	24
8	25
8	26
8	28
8	29
8	32
8	33
8	41
8	42
8	45
8	50
8	54
8	56
8	71
8	83
8	95
8	97
8	98
8	99
8	100
8	101
8	102
8	105
8	106
8	107
8	108
8	110
8	111
8	113
8	114
8	118
8	122
8	128
8	129
8	131
8	132
8	159
8	183
8	189
8	197
8	200
8	202
8	203
8	204
8	205
9	10
9	11
9	12
9	13
9	15
9	16
9	17
9	18
9	19
9	20
9	21
9	22
9	23
9	24
9	26
9	27
9	28
9	29
9	30
9	31
9	32
9	33
9	34
9	35
9	36
9	38
9	40
9	41
9	42
9	45
9	49
9	50
9	51
9	52
9	53
9	54
9	55
9	56
9	57
9	58
9	61
9	65
9	67
9	69
9	70
9	73
9	74
9	79
9	83
9	85
9	88
9	95
9	96
9	97
9	98
9	99
9	100
9	101
9	102
9	103
9	104
9	105
9	106
9	107
9	108
9	110
9	111
9	112
9	113
9	114
9	115
9	117
9	120
9	140
9	141
9	147
9	166
9	170
9	171
9	174
9	176
9	177
9	180
9	181
9	184
9	186
9	187
9	196
9	198
9	199
9	200
9	201
9	203
9	204
10	11
10	12
10	13
10	15
10	16
10	18
10	19
10	20
10	21
10	22
10	23
10	24
10	25
10	26
10	27
10	28
10	29
10	30
10	31
10	32
10	33
10	34
10	35
10	36
10	38
10	39
10	41
10	43
10	44
10	45
10	47
10	57
10	58
10	75
10	78
10	83
10	88
10	92
10	95
10	96
10	97
10	98
10	99
10	100
10	101
10	103
10	104
10	105
10	106
10	107
10	108
10	109
10	110
10	111
10	112
10	113
10	114
10	117
10	118
10	120
10	122
10	123
10	129
10	130
10	142
10	143
10	156
10	172
10	173
10	175
10	177
10	179
10	184
10	186
10	187
10	190
10	196
10	197
10	200
10	201
10	203
10	204
11	12
11	13
11	14
11	15
11	18
11	19
11	20
11	21
11	22
11	23
11	24
11	26
11	28
11	29
11	30
11	31
11	32
11	33
11	34
11	35
11	39
11	42
11	45
11	49
11	50
11	51
11	52
11	53
11	54
11	56
11	58
11	65
11	78
11	79
11	83
11	85
11	88
11	92
11	95
11	96
11	97
11	98
11	99
11	100
11	101
11	102
11	103
11	104
11	105
11	106
11	107
11	108
11	109
11	110
11	111
11	112
11	113
11	114
11	115
11	117
11	120
11	121
11	132
11	134
11	147
11	159
11	168
11	170
11	181
11	183
11	197
11	199
11	202
11	204
12	13
12	14
12	15
12	16
12	17
12	18
12	19
12	20
12	21
12	24
12	26
12	27
12	30
12	36
12	38
12	45
12	49
12	51
12	54
12	67
12	74
12	79
12	95
12	96
12	98
12	100
12	102
12	105
12	106
12	108
12	110
12	111
12	113
12	114
12	115
12	116
12	122
12	123
12	124
12	130
12	131
12	168
12	169
12	172
12	180
12	182
12	184
12	185
12	187
12	196
12	197
12	198
12	203
12	204
13	14
13	15
13	16
13	17
13	18
13	19
13	20
13	21
13	23
13	24
13	26
13	27
13	32
13	34
13	38
13	43
13	45
13	52
13	54
13	58
13	67
13	75
13	83
13	92
13	95
13	96
13	97
13	100
13	101
13	105
13	107
13	113
13	115
13	116
13	120
13	142
13	147
13	194
13	195
13	199
13	204
14	15
14	17
14	18
14	21
14	31
14	39
14	103
14	106
14	109
14	110
14	111
14	113
14	114
14	115
14	116
14	117
14	118
14	120
14	160
14	168
14	197
14	202
14	204
15	17
15	18
15	19
15	20
15	21
15	28
15	30
15	39
15	51
15	97
15	101
15	106
15	107
15	124
15	179
15	180
15	183
15	197
15	201
16	17
16	18
16	19
16	20
16	21
16	22
16	23
16	24
16	25
16	26
16	27
16	28
16	29
16	30
16	31
16	32
16	33
16	34
16	35
16	36
16	37
16	38
16	39
16	40
16	41
16	42
16	43
16	44
16	45
16	46
16	47
16	49
16	50
16	51
16	52
16	53
16	54
16	55
16	56
16	57
16	58
16	61
16	62
16	63
16	64
16	66
16	68
16	69
16	70
16	71
16	72
16	73
16	74
16	75
16	76
16	77
16	78
16	79
16	80
16	81
16	82
16	83
16	84
16	85
16	86
16	87
16	88
16	89
16	90
16	91
16	92
16	93
16	94
16	95
16	96
16	97
16	98
16	99
16	100
16	101
16	102
16	103
16	104
16	105
16	106
16	107
16	108
16	109
16	110
16	111
16	112
16	113
16	114
16	115
16	116
16	117
16	118
16	119
16	120
16	121
16	122
16	123
16	124
16	125
16	126
16	127
16	128
16	129
16	130
16	131
16	132
16	133
16	134
16	135
16	136
16	137
16	138
16	139
16	140
16	141
16	142
16	143
16	144
16	145
16	146
16	147
16	149
16	152
16	154
16	155
16	156
16	157
16	159
16	160
16	161
16	162
16	165
16	166
16	167
16	168
16	169
16	170
16	171
16	172
16	173
16	174
16	175
16	176
16	177
16	178
16	179
16	180
16	181
16	182
16	183
16	184
16	185
16	186
16	187
16	188
16	189
16	190
16	191
16	192
16	193
16	194
16	195
16	196
16	197
16	198
16	199
16	200
16	201
16	202
16	203
16	204
16	205
17	18
17	19
17	28
17	31
17	48
17	49
17	50
17	51
17	52
17	54
17	56
17	57
17	58
17	62
17	64
17	71
17	72
17	73
17	74
17	77
17	78
17	80
17	88
17	95
17	96
17	100
17	103
17	104
17	105
17	107
17	108
17	109
17	110
17	111
17	112
17	113
17	114
17	115
17	116
17	118
17	119
17	120
17	121
17	122
17	123
17	124
17	125
17	126
17	132
17	145
17	146
17	174
17	175
17	178
17	180
17	182
17	183
17	184
17	185
17	192
17	193
17	194
17	195
17	196
17	197
17	198
17	200
17	201
17	202
17	204
18	19
18	31
18	32
18	35
18	38
18	95
18	96
18	97
18	99
18	100
18	103
18	105
18	106
18	107
18	113
18	117
18	119
18	123
18	168
18	193
18	196
18	198
18	199
18	203
18	204
19	20
19	21
19	23
19	25
19	27
19	30
19	35
19	39
19	72
19	80
19	96
19	97
19	100
19	101
19	105
19	107
19	115
19	118
19	123
19	129
19	136
19	144
19	147
19	183
19	189
19	193
19	196
19	199
19	200
19	201
19	202
19	203
19	204
19	205
20	21
20	22
20	23
20	24
20	25
20	26
20	27
20	28
20	29
20	30
20	31
20	32
20	33
20	34
20	35
20	37
20	38
20	39
20	42
20	43
20	51
20	53
20	54
20	56
20	58
20	79
20	89
20	95
20	96
20	97
20	99
20	100
20	104
20	107
20	108
20	110
20	114
20	117
20	123
20	126
20	127
20	136
20	161
20	179
20	204
20	205
21	22
21	23
21	24
21	25
21	26
21	27
21	28
21	29
21	30
21	31
21	32
21	33
21	34
21	35
21	38
21	39
21	42
21	45
21	47
21	50
21	72
21	99
21	100
21	102
21	106
21	107
21	129
21	182
21	204
22	23
22	24
22	25
22	26
22	27
22	28
22	29
22	30
22	31
22	32
22	33
22	34
22	35
22	36
22	37
22	38
22	39
22	40
22	42
22	43
22	44
22	45
22	46
22	47
22	48
22	50
22	51
22	53
22	54
22	55
22	56
22	57
22	58
22	59
22	61
22	67
22	69
22	78
22	79
22	82
22	83
22	84
22	88
22	95
22	96
22	98
22	99
22	100
22	101
22	102
22	103
22	104
22	105
22	106
22	107
22	108
22	109
22	113
22	119
22	120
22	124
22	126
22	130
22	136
22	140
22	142
22	146
22	147
22	150
22	154
22	156
22	168
22	170
22	171
22	172
22	174
22	178
22	182
22	187
22	189
22	193
22	195
22	196
22	204
23	24
23	25
23	26
23	27
23	28
23	29
23	30
23	31
23	32
23	33
23	34
23	35
23	36
23	37
23	38
23	39
23	40
23	41
23	42
23	43
23	45
23	47
23	48
23	50
23	51
23	53
23	54
23	55
23	67
23	71
23	75
23	80
23	95
23	96
23	97
23	99
23	100
23	101
23	102
23	103
23	104
23	105
23	107
23	108
23	109
23	111
23	113
23	116
23	121
23	122
23	129
23	144
23	151
23	155
23	156
23	160
23	164
23	169
23	172
23	180
23	183
23	184
23	187
23	189
23	196
23	202
24	25
24	26
24	27
24	28
24	29
24	30
24	31
24	32
24	33
24	34
24	35
24	36
24	37
24	38
24	39
24	40
24	42
24	43
24	44
24	45
24	47
24	51
24	55
24	56
24	67
24	82
24	95
24	96
24	97
24	100
24	101
24	103
24	104
24	105
24	106
24	107
24	110
24	187
24	189
24	190
25	26
25	27
25	28
25	29
25	30
25	31
25	32
25	33
25	34
25	35
25	36
25	37
25	38
25	40
25	41
25	42
25	44
25	45
25	86
25	91
25	96
25	99
25	102
25	105
25	107
25	131
25	134
25	172
25	182
26	27
26	28
26	29
26	30
26	31
26	32
26	33
26	34
26	35
26	36
26	37
26	38
26	39
26	42
26	43
26	45
26	46
26	47
26	51
26	52
26	54
26	58
26	75
26	76
26	80
26	85
26	96
26	97
26	99
26	100
26	101
26	104
26	105
26	106
26	107
26	172
26	186
27	28
27	29
27	30
27	31
27	32
27	33
27	34
27	35
27	36
27	37
27	38
27	39
27	40
27	41
27	42
27	43
27	44
27	45
27	47
27	54
27	67
27	80
27	90
27	95
27	96
27	99
27	102
27	103
27	104
27	107
27	111
27	112
27	131
27	156
27	168
27	176
27	179
28	29
28	30
28	31
28	32
28	33
28	34
28	35
28	38
28	45
28	46
28	47
28	55
28	67
28	95
28	100
28	108
28	130
28	168
29	30
29	31
29	32
29	33
29	34
29	35
29	36
29	37
29	38
29	39
29	40
29	42
29	83
29	100
29	201
30	31
30	32
30	33
30	34
30	35
30	36
30	37
30	38
30	39
30	42
30	43
30	44
30	45
30	46
30	47
30	55
30	67
30	74
30	99
30	101
30	102
30	105
30	107
30	159
30	198
31	32
31	33
31	34
31	35
31	36
31	37
31	38
31	39
31	40
31	42
31	43
31	45
31	47
31	52
31	67
31	68
31	73
31	82
31	95
31	96
31	99
31	100
31	102
31	105
31	133
31	168
31	169
32	33
32	34
32	35
32	36
32	37
32	38
32	39
32	40
32	42
32	43
32	45
32	47
32	54
32	74
32	79
32	95
32	96
32	97
32	99
32	100
32	101
32	102
32	103
32	105
32	106
32	107
32	114
32	116
32	159
32	172
32	184
32	189
32	196
33	34
33	35
33	36
33	37
33	38
33	39
33	42
33	43
33	44
33	45
33	46
33	47
33	48
33	49
33	50
33	51
33	52
33	57
33	61
33	65
33	66
33	68
33	75
33	77
33	85
33	87
33	95
33	96
33	97
33	99
33	100
33	101
33	102
33	104
33	105
33	106
33	107
33	109
33	110
33	130
33	135
33	137
33	141
33	142
33	153
33	161
33	166
33	169
33	170
33	171
33	172
33	174
33	178
33	179
33	185
33	187
33	188
33	191
33	193
33	197
34	35
34	36
34	37
34	38
34	39
34	40
34	42
34	43
34	44
34	45
34	47
34	50
34	51
34	61
34	65
34	67
34	68
34	83
34	95
34	96
34	97
34	99
34	100
34	102
34	103
34	104
34	105
34	106
34	107
34	166
34	168
34	170
34	192
35	36
35	37
35	38
35	39
35	40
35	42
35	43
35	45
35	46
35	47
35	95
35	96
35	99
35	100
35	101
35	102
35	104
35	107
35	108
35	116
35	168
35	171
35	177
36	37
36	38
36	39
36	43
36	45
36	55
36	68
36	96
36	97
36	99
36	101
36	102
36	103
36	105
36	107
36	161
36	168
36	186
36	197
37	38
37	39
37	45
37	72
37	96
37	97
37	99
37	102
37	103
37	127
37	185
37	192
38	39
38	41
38	42
38	43
38	45
38	47
38	71
38	99
38	100
38	102
38	104
38	107
38	202
38	204
39	42
39	43
39	45
39	47
39	67
39	100
39	106
39	146
39	203
40	41
40	42
40	43
40	44
40	45
40	47
40	99
40	102
40	103
40	130
40	168
41	42
41	43
41	44
41	45
41	47
41	96
41	100
42	43
42	45
42	46
42	47
42	50
42	53
42	67
42	96
42	97
42	99
42	100
42	102
42	105
42	130
42	182
43	44
43	45
43	46
43	47
43	96
43	99
43	100
43	102
43	103
43	130
43	172
43	180
44	45
44	47
44	75
44	86
44	102
45	46
45	47
45	67
45	78
45	96
45	99
45	100
45	102
45	103
45	105
45	107
45	130
45	133
45	195
46	47
46	99
46	130
47	58
47	96
47	99
47	100
47	102
47	105
47	106
47	113
47	125
47	157
47	202
47	205
48	49
48	50
48	51
48	52
48	53
48	54
48	55
48	56
48	57
48	58
48	59
48	60
48	61
48	62
48	63
48	64
48	65
48	66
48	67
48	68
48	69
48	70
48	71
48	72
48	73
48	74
48	75
48	76
48	77
48	78
48	79
48	80
48	81
48	82
48	83
48	84
48	85
48	86
48	87
48	88
48	89
48	90
48	91
48	92
48	93
48	94
48	95
48	96
48	97
48	98
48	99
48	100
48	101
48	102
48	103
48	104
48	105
48	106
48	107
48	108
48	109
48	110
48	111
48	112
48	113
48	114
48	115
48	116
48	117
48	118
48	119
48	120
48	121
48	122
48	123
48	124
48	125
48	126
48	127
48	128
48	129
48	130
48	131
48	132
48	133
48	134
48	135
48	136
48	137
48	138
48	139
48	140
48	141
48	142
48	143
48	144
48	145
48	146
48	147
48	148
48	150
48	151
48	152
48	153
48	155
48	156
48	157
48	160
48	161
48	162
48	164
48	165
48	166
48	167
48	168
48	169
48	170
48	171
48	172
48	173
48	174
48	175
48	176
48	177
48	178
48	179
48	180
48	181
48	182
48	183
48	184
48	185
48	186
48	187
48	188
48	189
48	190
48	191
48	192
48	193
48	195
48	196
48	197
48	198
48	199
48	200
48	201
48	202
48	203
48	204
48	205
49	50
49	51
49	52
49	53
49	54
49	55
49	56
49	57
49	58
49	59
49	60
49	61
49	62
49	63
49	64
49	67
49	68
49	69
49	70
49	71
49	72
49	73
49	74
49	75
49	76
49	77
49	78
49	79
49	80
49	86
49	87
49	88
49	90
49	91
49	92
49	93
49	94
49	95
49	96
49	97
49	98
49	99
49	100
49	101
49	103
49	104
49	105
49	106
49	108
49	109
49	110
49	111
49	112
49	113
49	114
49	115
49	116
49	117
49	118
49	119
49	120
49	121
49	122
49	123
49	124
49	125
49	126
49	127
49	128
49	129
49	131
49	132
49	133
49	137
49	140
49	141
49	143
49	145
49	147
49	155
49	156
49	165
49	169
49	170
49	173
49	174
49	175
49	177
49	179
49	180
49	181
49	182
49	183
49	185
49	186
49	187
49	188
49	190
49	193
49	194
49	195
49	196
49	197
49	198
49	199
49	200
49	201
49	202
49	204
49	205
50	51
50	52
50	53
50	54
50	55
50	56
50	57
50	58
50	59
50	60
50	61
50	62
50	63
50	64
50	66
50	67
50	69
50	70
50	71
50	72
50	73
50	74
50	75
50	77
50	78
50	79
50	80
50	86
50	87
50	90
50	92
50	93
50	94
50	96
50	97
50	98
50	102
50	103
50	104
50	107
50	108
50	109
50	110
50	111
50	112
50	113
50	114
50	115
50	116
50	117
50	118
50	119
50	120
50	121
50	122
50	123
50	124
50	126
50	127
50	141
50	147
50	155
50	157
50	165
50	172
50	173
50	179
50	181
50	182
50	185
50	186
50	187
50	191
50	192
50	193
50	195
50	196
50	197
50	198
50	199
50	200
50	202
50	203
50	204
50	205
51	52
51	53
51	54
51	55
51	56
51	57
51	58
51	59
51	60
51	61
51	62
51	63
51	64
51	65
51	67
51	68
51	69
51	70
51	71
51	72
51	73
51	74
51	75
51	76
51	77
51	78
51	79
51	80
51	81
51	83
51	84
51	85
51	86
51	88
51	89
51	90
51	92
51	93
51	95
51	96
51	97
51	98
51	99
51	100
51	101
51	102
51	103
51	104
51	105
51	106
51	107
51	108
51	109
51	110
51	111
51	112
51	113
51	115
51	116
51	117
51	118
51	119
51	120
51	121
51	122
51	123
51	124
51	125
51	126
51	128
51	129
51	130
51	131
51	132
51	134
51	135
51	136
51	137
51	140
51	141
51	147
51	148
51	149
51	155
51	159
51	164
51	167
51	171
51	173
51	178
51	179
51	180
51	181
51	184
51	186
51	187
51	189
51	190
51	193
51	195
51	196
51	197
51	198
51	199
51	200
51	202
51	203
51	204
52	53
52	54
52	55
52	56
52	57
52	58
52	59
52	62
52	63
52	64
52	67
52	68
52	69
52	70
52	71
52	72
52	73
52	75
52	76
52	77
52	78
52	79
52	80
52	82
52	86
52	87
52	90
52	91
52	93
52	95
52	98
52	100
52	103
52	104
52	107
52	108
52	109
52	110
52	111
52	112
52	113
52	115
52	116
52	117
52	118
52	119
52	120
52	121
52	122
52	124
52	125
52	127
52	128
52	130
52	132
52	134
52	136
52	138
52	142
52	146
52	147
52	155
52	178
52	183
52	187
52	196
52	197
52	198
52	199
52	202
52	203
52	204
53	54
53	55
53	56
53	57
53	58
53	59
53	60
53	62
53	63
53	64
53	65
53	66
53	67
53	68
53	69
53	70
53	71
53	72
53	73
53	74
53	75
53	76
53	77
53	78
53	79
53	80
53	82
53	85
53	86
53	87
53	88
53	89
53	90
53	91
53	92
53	93
53	95
53	96
53	97
53	98
53	99
53	100
53	101
53	102
53	103
53	104
53	105
53	106
53	107
53	108
53	109
53	110
53	111
53	112
53	115
53	118
53	119
53	120
53	121
53	122
53	123
53	125
53	127
53	129
53	138
53	139
53	141
53	143
53	146
53	151
53	155
53	160
53	165
53	168
53	170
53	171
53	174
53	182
53	183
53	185
53	186
53	187
53	191
53	193
53	196
53	199
53	200
53	201
53	203
53	205
54	55
54	56
54	57
54	58
54	59
54	60
54	61
54	62
54	63
54	64
54	65
54	66
54	67
54	69
54	70
54	71
54	72
54	73
54	74
54	75
54	76
54	77
54	79
54	80
54	86
54	95
54	96
54	97
54	98
54	99
54	100
54	101
54	102
54	103
54	104
54	105
54	106
54	107
54	108
54	110
54	112
54	113
54	115
54	116
54	117
54	119
54	120
54	123
54	124
54	137
54	147
54	155
54	156
54	160
54	161
54	169
54	201
54	202
55	56
55	57
55	58
55	59
55	60
55	61
55	62
55	63
55	64
55	65
55	66
55	67
55	68
55	69
55	70
55	72
55	73
55	74
55	75
55	76
55	77
55	80
55	81
55	82
55	84
55	85
55	86
55	87
55	90
55	91
55	93
55	95
55	96
55	97
55	98
55	99
55	100
55	101
55	102
55	103
55	104
55	105
55	106
55	107
55	108
55	109
55	110
55	111
55	112
55	115
55	116
55	117
55	118
55	120
55	121
55	125
55	126
55	128
55	133
55	136
55	139
55	144
55	156
55	161
55	169
55	171
55	172
55	175
55	176
55	179
55	183
55	187
55	193
55	195
55	196
55	198
55	199
55	205
56	57
56	58
56	59
56	60
56	61
56	62
56	63
56	64
56	67
56	69
56	70
56	71
56	72
56	73
56	74
56	75
56	76
56	77
56	78
56	79
56	85
56	87
56	90
56	93
56	94
56	95
56	96
56	97
56	98
56	100
56	101
56	102
56	103
56	104
56	107
56	108
56	110
56	111
56	116
56	117
56	119
56	120
56	123
56	124
56	125
56	127
56	129
56	139
56	142
56	155
56	177
56	182
56	195
56	197
56	199
56	200
56	203
57	58
57	62
57	63
57	64
57	67
57	68
57	69
57	70
57	71
57	72
57	73
57	74
57	75
57	77
57	78
57	79
57	80
57	83
57	85
57	97
57	98
57	101
57	102
57	103
57	104
57	113
57	116
57	120
57	121
57	123
57	124
57	125
57	169
57	183
57	187
57	197
57	198
57	201
57	204
58	59
58	60
58	61
58	62
58	63
58	64
58	65
58	66
58	67
58	69
58	70
58	71
58	72
58	73
58	74
58	76
58	77
58	78
58	79
58	80
58	89
58	92
58	93
58	95
58	96
58	97
58	98
58	99
58	100
58	101
58	103
58	104
58	105
58	106
58	107
58	108
58	110
58	111
58	114
58	115
58	117
58	119
58	120
58	122
58	132
58	133
58	157
58	170
58	176
58	195
58	196
58	198
59	60
59	61
59	62
59	63
59	64
59	65
59	66
59	67
59	68
59	69
59	70
59	71
59	72
59	73
59	74
59	75
59	76
59	77
59	78
59	79
59	80
59	81
59	82
59	83
59	84
59	85
59	86
59	87
59	88
59	89
59	90
59	91
59	92
59	93
59	94
59	95
59	96
59	98
59	100
59	101
59	102
59	104
59	105
59	106
59	108
59	109
59	110
59	112
59	114
59	115
59	116
59	118
59	119
59	120
59	121
59	122
59	123
59	124
59	125
59	126
59	127
59	128
59	129
59	131
59	132
59	133
59	134
59	135
59	136
59	139
59	140
59	141
59	142
59	143
59	144
59	145
59	146
59	147
59	155
59	156
59	166
59	168
59	169
59	173
59	174
59	175
59	177
59	179
59	180
59	181
59	182
59	183
59	185
59	186
59	187
59	188
59	189
59	190
59	191
59	192
59	193
59	194
59	195
59	197
59	198
59	199
59	200
59	202
59	205
60	61
60	62
60	63
60	64
60	65
60	66
60	67
60	68
60	69
60	70
60	71
60	72
60	73
60	74
60	76
60	77
60	78
60	79
60	80
60	81
60	82
60	84
60	86
60	87
60	88
60	90
60	91
60	92
60	93
60	94
60	95
60	97
60	98
60	99
60	100
60	102
60	103
60	104
60	108
60	109
60	110
60	111
60	113
60	116
60	118
60	119
60	120
60	121
60	122
60	123
60	125
60	127
60	129
60	130
60	131
60	132
60	133
60	134
60	135
60	138
60	139
60	140
60	142
60	143
60	145
60	146
60	153
60	157
60	164
60	165
60	166
60	173
60	174
60	175
60	176
60	177
60	178
60	179
60	180
60	181
60	183
60	184
60	185
60	186
60	187
60	188
60	189
60	191
60	192
60	197
60	198
60	199
60	200
60	202
60	203
60	205
61	62
61	63
61	64
61	65
61	66
61	67
61	68
61	69
61	71
61	73
61	77
61	78
61	79
61	80
61	82
61	83
61	84
61	85
61	86
61	87
61	89
61	91
61	94
61	95
61	97
61	98
61	99
61	101
61	104
61	106
61	107
61	117
61	118
61	121
61	122
61	124
61	125
61	126
61	131
61	133
61	135
61	137
61	139
61	140
61	143
61	145
61	146
61	147
61	149
61	157
61	159
61	164
61	165
61	170
61	174
61	179
61	182
61	185
61	186
61	189
61	191
61	192
61	193
61	198
61	200
61	205
62	63
62	64
62	65
62	66
62	67
62	68
62	70
62	71
62	72
62	74
62	75
62	78
62	79
62	80
62	89
62	90
62	91
62	92
62	93
62	94
62	98
62	101
62	102
62	103
62	104
62	106
62	108
62	110
62	111
62	113
62	114
62	117
62	118
62	119
62	120
62	121
62	122
62	123
62	130
62	135
62	139
62	145
62	146
62	159
62	161
62	176
62	180
62	185
62	187
62	190
62	192
62	196
62	197
62	199
62	202
62	203
62	204
62	205
63	64
63	65
63	66
63	67
63	68
63	70
63	72
63	73
63	76
63	77
63	79
63	80
63	91
63	92
63	93
63	94
63	104
63	142
63	176
63	186
64	65
64	66
64	67
64	68
64	73
64	74
64	79
64	83
64	87
64	89
64	91
64	92
64	94
64	110
64	119
64	121
64	135
64	136
64	138
64	142
64	146
64	169
64	177
64	179
64	180
64	181
64	183
64	191
64	192
64	197
64	202
65	66
65	67
65	68
65	70
65	71
65	72
65	75
65	76
65	77
65	78
65	79
65	80
65	81
65	83
65	84
65	85
65	86
65	88
65	90
65	91
65	92
65	93
65	94
65	95
65	101
65	104
65	108
65	109
65	110
65	111
65	112
65	116
65	119
65	120
65	121
65	122
65	123
65	124
65	125
65	127
65	132
65	135
65	136
65	137
65	138
65	139
65	142
65	145
65	146
65	147
65	149
65	152
65	153
65	162
65	165
65	166
65	169
65	172
65	174
65	175
65	183
65	187
65	188
65	190
65	191
65	192
65	193
65	200
65	203
66	67
66	68
66	70
66	72
66	73
66	75
66	76
66	77
66	78
66	80
66	86
66	88
66	89
66	90
66	91
66	92
66	93
66	94
66	103
66	112
66	114
66	118
66	129
66	131
66	137
66	145
66	146
66	147
66	159
66	183
66	192
66	193
66	197
66	201
67	68
67	78
67	85
67	87
67	102
67	103
67	128
67	152
67	157
67	182
67	189
68	72
68	73
68	86
68	87
68	89
68	91
68	94
68	130
68	133
68	180
69	70
69	71
69	72
69	73
69	74
69	75
69	76
69	77
69	78
69	79
69	80
69	81
69	82
69	83
69	84
69	85
69	86
69	87
69	88
69	89
69	90
69	92
69	93
69	94
69	95
69	96
69	98
69	100
69	101
69	103
69	104
69	105
69	108
69	109
69	110
69	111
69	112
69	113
69	114
69	115
69	116
69	118
69	119
69	120
69	121
69	122
69	123
69	124
69	126
69	127
69	128
69	129
69	130
69	131
69	132
69	133
69	135
69	138
69	139
69	141
69	142
69	143
69	144
69	145
69	146
69	147
69	148
69	149
69	150
69	151
69	152
69	156
69	159
69	160
69	162
69	164
69	165
69	166
69	167
69	169
69	170
69	173
69	174
69	179
69	181
69	186
69	187
69	188
69	189
69	191
69	194
69	195
69	196
69	197
69	198
69	202
69	203
69	205
70	71
70	72
70	73
70	75
70	76
70	77
70	78
70	79
70	80
70	83
70	88
70	89
70	90
70	92
70	93
70	94
70	95
70	102
70	104
70	108
70	110
70	124
70	125
70	126
70	135
70	141
70	145
70	146
70	154
70	165
70	186
70	198
70	201
71	72
71	73
71	74
71	75
71	76
71	77
71	78
71	79
71	80
71	81
71	83
71	84
71	85
71	86
71	90
71	92
71	93
71	95
71	98
71	101
71	102
71	103
71	104
71	106
71	108
71	109
71	111
71	112
71	114
71	120
71	121
71	127
71	129
71	151
71	152
71	159
71	177
72	73
72	74
72	75
72	76
72	77
72	78
72	79
72	80
72	84
72	85
72	88
72	89
72	93
72	94
72	98
72	101
72	103
72	105
72	108
72	110
72	115
72	116
72	120
72	121
72	123
72	125
72	132
72	136
72	145
72	156
72	165
72	170
72	189
73	74
73	75
73	76
73	77
73	78
73	79
73	80
73	90
73	99
73	103
73	105
73	107
73	113
73	121
73	129
73	130
73	162
73	190
74	75
74	76
74	77
74	78
74	79
74	80
74	84
74	87
74	91
74	98
74	101
74	104
74	105
74	107
74	108
74	110
74	115
74	120
74	125
74	129
74	130
74	132
75	76
75	77
75	78
75	79
75	80
75	90
75	91
75	98
75	112
75	124
75	125
75	133
75	134
75	166
75	167
75	199
76	77
76	78
76	79
76	80
76	81
76	83
76	84
76	85
76	87
76	88
76	89
76	90
76	91
76	92
76	93
76	94
76	95
76	96
76	97
76	98
76	99
76	102
76	105
76	108
76	109
76	111
76	121
76	122
76	124
76	125
76	126
76	127
76	128
76	130
76	132
76	135
76	138
76	140
76	141
76	142
76	143
76	144
76	145
76	146
76	147
76	148
76	150
76	151
76	152
76	153
76	154
76	155
76	156
76	158
76	160
76	163
76	164
76	166
76	169
76	171
76	172
76	173
76	178
76	184
76	186
76	189
76	192
76	199
76	200
76	203
77	78
77	79
77	80
77	83
77	85
77	86
77	89
77	90
77	91
77	92
77	93
77	98
77	100
77	101
77	103
77	104
77	106
77	108
77	111
77	112
77	113
77	115
77	118
77	119
77	120
77	122
77	132
77	133
77	139
77	140
77	142
77	149
77	157
77	168
77	178
77	196
77	199
77	205
78	79
78	80
78	81
78	82
78	83
78	84
78	85
78	86
78	88
78	90
78	93
78	94
78	95
78	96
78	97
78	98
78	99
78	100
78	101
78	102
78	103
78	104
78	105
78	106
78	108
78	109
78	110
78	112
78	113
78	114
78	115
78	116
78	117
78	118
78	119
78	120
78	121
78	122
78	123
78	125
78	126
78	127
78	128
78	130
78	131
78	132
78	133
78	135
78	136
78	137
78	138
78	140
78	141
78	145
78	146
78	147
78	148
78	150
78	152
78	153
78	154
78	158
78	160
78	161
78	162
78	163
78	170
78	171
78	178
78	182
78	187
78	190
78	193
78	197
78	202
78	203
78	205
79	80
79	81
79	82
79	83
79	84
79	85
79	86
79	88
79	90
79	92
79	93
79	95
79	96
79	97
79	98
79	99
79	100
79	101
79	102
79	103
79	104
79	106
79	108
79	109
79	110
79	111
79	114
79	115
79	117
79	118
79	120
79	121
79	122
79	123
79	131
79	132
79	137
79	142
79	146
79	149
79	150
79	151
79	152
79	153
79	155
79	158
79	159
79	160
79	162
79	165
79	170
79	171
79	178
79	180
79	187
79	193
79	196
79	197
79	200
79	203
80	84
80	87
80	88
80	90
80	93
80	94
80	102
80	110
80	125
80	143
80	147
80	157
80	159
80	170
81	82
81	83
81	84
81	85
81	86
81	87
81	88
81	89
81	90
81	92
81	93
81	94
81	98
81	108
81	109
81	111
81	112
81	114
81	116
81	118
81	119
81	121
81	122
81	124
81	125
81	127
81	130
81	131
81	134
81	135
81	139
81	141
81	142
81	145
81	147
81	149
81	152
81	159
81	160
81	161
81	162
81	165
81	166
81	167
81	169
81	173
81	175
81	176
81	177
81	178
81	179
81	181
81	182
81	186
81	187
81	189
81	190
81	191
81	192
81	193
81	196
81	198
81	200
81	202
81	204
81	205
82	83
82	84
82	85
82	86
82	87
82	88
82	89
82	90
82	92
82	94
82	96
82	97
82	99
82	103
82	104
82	108
82	111
82	114
82	120
82	122
82	136
82	142
82	143
82	145
82	150
82	151
82	152
82	160
82	162
82	163
82	165
82	166
82	167
82	168
82	170
82	171
82	172
82	173
82	174
82	175
82	182
82	188
82	191
82	192
82	195
82	198
82	200
82	202
82	203
82	204
82	205
83	84
83	85
83	86
83	87
83	88
83	93
83	94
83	129
83	139
83	147
83	150
83	152
83	156
83	159
83	160
83	165
83	193
83	205
84	85
84	86
84	87
84	88
84	89
84	90
84	92
84	93
84	94
84	95
84	96
84	97
84	99
84	100
84	102
84	104
84	107
84	108
84	109
84	112
84	113
84	116
84	117
84	118
84	119
84	122
84	123
84	126
84	128
84	129
84	132
84	133
84	135
84	136
84	137
84	138
84	139
84	140
84	141
84	142
84	143
84	144
84	145
84	146
84	147
84	148
84	149
84	150
84	151
84	152
84	153
84	154
84	155
84	156
84	157
84	158
84	159
84	160
84	161
84	162
84	163
84	164
84	165
84	166
84	167
84	168
84	169
84	171
84	172
84	173
84	174
84	175
84	177
84	179
84	180
84	183
84	184
84	186
84	187
84	188
84	189
84	190
84	191
84	192
84	193
84	196
84	197
84	199
84	200
84	202
84	203
84	204
85	86
85	87
85	88
85	91
85	92
85	93
85	94
85	108
85	122
85	127
85	131
85	132
85	134
85	139
85	142
85	146
85	148
85	150
85	151
85	152
85	153
85	156
85	157
85	158
85	159
85	160
85	161
85	163
85	164
85	165
85	166
85	167
85	171
85	172
85	177
85	185
85	187
85	202
85	204
86	87
86	88
86	90
86	91
86	92
86	93
86	94
86	95
86	124
86	131
86	134
86	136
86	143
86	145
86	159
86	170
86	181
86	182
86	199
87	94
87	98
87	117
87	119
87	121
87	123
87	125
87	133
87	135
87	139
87	140
87	144
87	146
87	147
87	152
87	155
87	158
87	160
87	165
87	166
87	168
87	170
87	172
87	175
87	179
87	180
87	185
87	193
87	202
88	89
88	90
88	91
88	92
88	93
88	94
88	95
88	98
88	104
88	105
88	109
88	111
88	116
88	117
88	121
88	124
88	125
88	127
88	128
88	129
88	130
88	131
88	132
88	133
88	134
88	135
88	136
88	137
88	138
88	139
88	140
88	141
88	142
88	143
88	145
88	147
88	148
88	149
88	150
88	151
88	152
88	153
88	154
88	155
88	158
88	159
88	160
88	161
88	162
88	163
88	164
88	165
88	166
88	167
88	170
88	171
88	172
88	173
88	174
88	175
88	177
88	181
88	186
88	187
88	188
88	189
88	191
88	192
88	193
88	196
88	200
88	202
88	203
88	205
89	90
89	91
89	92
89	93
89	94
89	125
89	135
89	136
89	137
89	138
89	139
89	140
89	141
89	143
89	144
89	145
89	146
89	147
89	148
89	149
89	150
89	151
89	152
89	153
89	154
89	156
89	158
89	159
89	162
89	163
89	164
89	165
89	166
89	168
89	169
89	177
90	91
90	92
90	93
90	94
90	98
90	105
90	106
90	117
90	124
90	125
90	126
90	127
90	128
90	129
90	131
90	132
90	133
90	135
90	136
90	137
90	139
90	140
90	141
90	142
90	143
90	144
90	146
90	147
90	148
90	149
90	150
90	151
90	152
90	153
90	154
90	158
90	159
90	162
90	163
90	164
90	165
90	166
90	167
90	168
90	169
90	170
90	171
90	175
90	176
90	178
90	186
90	189
90	195
90	199
90	200
91	92
91	93
91	128
91	132
91	133
91	135
91	136
91	137
91	149
91	150
91	151
91	152
91	158
91	161
91	162
91	163
91	165
92	93
92	94
92	97
92	98
92	107
92	127
92	136
92	137
92	138
92	157
92	159
92	182
92	205
93	94
93	97
93	101
93	102
93	104
93	105
93	116
93	117
93	120
93	125
93	127
93	130
93	132
93	134
93	135
93	136
93	137
93	138
93	139
93	143
93	144
93	145
93	146
93	148
93	149
93	150
93	151
93	152
93	153
93	154
93	155
93	156
93	157
93	158
93	159
93	160
93	162
93	163
93	164
93	165
93	167
93	168
93	169
93	171
93	176
93	177
93	201
93	202
94	103
94	112
94	117
94	120
94	125
94	126
94	130
94	132
94	134
94	135
94	136
94	137
94	138
94	139
94	140
94	142
94	144
94	145
94	146
94	148
94	149
94	150
94	151
94	152
94	153
94	154
94	156
94	157
94	158
94	159
94	160
94	162
94	163
94	164
94	165
94	166
94	167
94	168
94	170
94	171
94	174
94	175
94	176
94	177
94	181
94	183
94	190
94	191
94	192
94	193
95	96
95	97
95	98
95	99
95	100
95	101
95	102
95	103
95	104
95	105
95	106
95	107
95	108
95	109
95	110
95	111
95	112
95	113
95	115
95	116
95	117
95	120
95	121
95	123
95	124
95	129
95	130
95	132
95	139
95	140
95	147
95	152
95	157
95	166
95	168
95	169
95	171
95	172
95	174
95	176
95	179
95	183
95	184
95	187
95	188
95	191
95	194
95	196
95	202
95	203
96	97
96	98
96	99
96	100
96	101
96	102
96	103
96	104
96	105
96	106
96	107
96	108
96	109
96	110
96	111
96	112
96	113
96	114
96	115
96	116
96	117
96	118
96	120
96	122
96	123
96	129
96	131
96	132
96	133
96	134
96	135
96	136
96	137
96	141
96	142
96	143
96	154
96	160
96	170
96	171
96	172
96	174
96	177
96	179
96	180
96	183
96	184
96	187
96	191
96	197
96	198
96	200
96	202
96	203
96	204
97	98
97	99
97	100
97	101
97	102
97	103
97	104
97	105
97	106
97	107
97	108
97	111
97	113
97	114
97	115
97	117
97	120
97	122
97	125
97	126
97	130
97	143
97	176
97	179
97	182
97	187
97	196
97	197
97	198
97	201
97	204
98	99
98	100
98	101
98	102
98	103
98	104
98	105
98	106
98	107
98	108
98	109
98	110
98	111
98	113
98	115
98	117
98	118
98	120
98	122
98	123
98	126
98	131
98	132
98	149
98	155
98	156
98	157
98	161
98	184
98	185
98	186
98	189
98	192
98	197
98	201
99	100
99	101
99	102
99	103
99	104
99	105
99	106
99	107
99	108
99	109
99	110
99	111
99	112
99	113
99	114
99	115
99	116
99	118
99	120
99	122
99	123
99	129
99	131
99	169
99	170
99	179
99	187
99	195
99	196
99	199
99	202
99	203
100	101
100	102
100	103
100	104
100	105
100	106
100	107
100	108
100	109
100	110
100	111
100	113
100	114
100	115
100	116
100	117
100	118
100	119
100	120
100	122
100	124
100	129
100	130
100	131
100	132
100	133
100	135
100	137
100	138
100	141
100	155
100	156
100	170
100	171
100	172
100	173
100	174
100	176
100	178
100	182
100	185
100	187
100	188
100	191
100	193
100	195
100	196
100	197
100	198
100	200
100	202
100	203
100	204
100	205
101	102
101	103
101	104
101	105
101	106
101	107
101	108
101	109
101	110
101	111
101	112
101	113
101	115
101	116
101	117
101	118
101	119
101	120
101	122
101	123
101	124
101	129
101	132
101	134
101	135
101	138
101	140
101	146
101	147
101	149
101	156
101	161
101	162
101	166
101	167
101	169
101	170
101	171
101	172
101	174
101	175
101	177
101	179
101	183
101	187
101	189
101	191
101	192
101	194
101	195
101	196
101	197
101	198
101	200
101	201
101	202
101	203
101	204
102	103
102	104
102	105
102	106
102	107
102	108
102	113
102	120
102	121
102	122
102	179
102	181
102	205
103	104
103	105
103	106
103	107
103	108
103	110
103	111
103	112
103	113
103	114
103	115
103	116
103	117
103	120
103	122
103	123
103	125
103	130
103	132
103	141
103	144
103	176
104	105
104	106
104	107
104	108
104	109
104	110
104	111
104	112
104	113
104	115
104	116
104	117
104	118
104	119
104	120
104	121
104	122
104	123
104	124
104	126
104	129
104	130
104	131
104	133
104	135
104	142
104	143
104	144
104	154
104	156
104	165
104	166
104	167
104	171
104	172
104	173
104	174
104	176
104	178
104	180
104	183
104	184
104	185
104	187
104	191
104	192
104	195
104	196
104	197
104	198
104	199
104	200
104	201
104	203
105	106
105	107
105	108
105	109
105	110
105	111
105	112
105	113
105	115
105	116
105	117
105	118
105	120
105	122
105	124
105	126
105	129
105	141
105	165
105	168
105	172
105	175
105	187
105	195
105	197
105	198
105	200
105	203
105	204
106	107
106	108
106	109
106	110
106	111
106	112
106	113
106	114
106	115
106	116
106	117
106	118
106	119
106	120
106	121
106	122
106	123
106	127
106	128
106	134
106	135
106	138
106	143
106	166
106	170
106	174
106	178
106	180
106	186
106	187
106	194
106	196
106	197
106	198
106	199
106	200
107	108
107	112
107	113
107	114
107	115
107	117
107	129
107	132
107	149
107	175
107	186
107	187
107	195
107	197
108	109
108	110
108	111
108	112
108	113
108	114
108	115
108	116
108	117
108	118
108	119
108	120
108	121
108	122
108	123
108	126
108	128
108	130
108	134
108	135
108	136
108	139
108	140
108	141
108	145
108	149
108	150
108	151
108	153
108	158
108	159
108	160
108	163
108	164
108	165
108	166
108	167
108	168
108	174
108	179
108	181
108	183
108	186
108	187
108	188
108	191
108	193
108	197
108	198
108	199
108	200
108	201
108	203
108	204
109	110
109	111
109	112
109	113
109	114
109	115
109	116
109	117
109	118
109	119
109	120
109	121
109	122
109	123
109	124
109	125
109	126
109	127
109	129
109	131
109	132
109	133
109	135
109	137
109	138
109	139
109	140
109	141
109	142
109	143
109	144
109	146
109	147
109	148
109	149
109	150
109	151
109	152
109	155
109	162
109	165
109	166
109	167
109	168
109	169
109	171
109	172
109	173
109	174
109	178
109	179
109	180
109	184
109	185
109	186
109	187
109	188
109	189
109	190
109	191
109	193
109	194
109	195
109	196
109	197
109	198
109	199
109	200
109	201
109	202
109	203
109	204
109	205
110	111
110	112
110	113
110	114
110	115
110	116
110	117
110	118
110	119
110	120
110	121
110	122
110	123
110	124
110	127
110	129
110	131
110	132
110	134
110	136
110	137
110	138
110	140
110	141
110	142
110	145
110	146
110	148
110	149
110	152
110	158
110	163
110	164
110	173
110	175
110	182
110	184
110	186
110	189
110	197
110	198
110	200
110	201
110	202
110	203
110	204
111	112
111	113
111	114
111	115
111	116
111	117
111	118
111	119
111	120
111	121
111	122
111	123
111	124
111	126
111	131
111	132
111	135
111	137
111	140
111	143
111	144
111	148
111	154
111	156
111	160
111	162
111	168
111	172
111	173
111	176
111	178
111	179
111	180
111	181
111	182
111	189
111	192
111	194
111	195
111	196
111	197
111	198
111	200
111	202
111	203
112	113
112	114
112	115
112	116
112	117
112	118
112	119
112	120
112	121
112	122
112	123
112	129
112	130
112	131
112	136
112	138
112	144
112	148
112	149
112	150
112	152
112	153
112	154
112	156
112	158
112	159
112	161
112	162
112	163
112	165
112	181
112	195
112	197
112	200
113	114
113	115
113	116
113	117
113	118
113	119
113	120
113	122
113	123
113	124
113	137
113	140
113	141
113	142
113	143
113	149
113	152
113	155
113	160
113	161
113	167
113	169
113	178
113	180
113	182
113	192
113	195
113	197
113	198
113	199
113	202
113	203
113	204
113	205
114	115
114	116
114	117
114	118
114	122
114	123
114	127
114	129
114	179
114	195
115	116
115	117
115	118
115	119
115	120
115	121
115	122
115	123
115	125
115	127
115	132
115	134
115	137
115	138
115	140
115	141
115	142
115	143
115	144
115	147
115	149
115	154
115	160
115	161
115	167
115	168
115	170
115	173
115	174
115	179
115	180
115	182
115	186
115	189
115	192
115	196
115	197
115	198
115	199
115	201
115	202
115	203
115	204
116	117
116	118
116	119
116	120
116	121
116	122
116	123
116	125
116	130
116	131
116	133
116	137
116	138
116	140
116	144
116	145
116	147
116	155
116	160
116	172
116	176
116	177
116	180
116	181
116	196
116	197
116	200
116	201
116	202
117	118
117	119
117	120
117	122
117	132
117	156
117	159
117	168
117	183
117	186
117	188
117	190
117	197
117	202
118	119
118	120
118	121
118	122
118	123
118	130
118	133
118	138
118	139
118	140
118	143
118	144
118	145
118	146
118	147
118	148
118	150
118	152
118	158
118	162
118	163
118	165
118	166
118	183
118	190
118	200
118	202
118	203
118	205
119	120
119	121
119	122
119	123
119	124
119	125
119	126
119	129
119	130
119	131
119	132
119	133
119	134
119	135
119	136
119	137
119	138
119	139
119	140
119	141
119	142
119	143
119	144
119	145
119	146
119	147
119	148
119	149
119	150
119	151
119	152
119	153
119	154
119	157
119	158
119	159
119	160
119	161
119	162
119	163
119	164
119	165
119	167
119	168
119	170
119	173
119	174
119	175
119	176
119	177
119	180
119	181
119	184
119	185
119	186
119	188
119	189
119	191
119	194
119	195
119	196
119	197
119	198
119	199
119	200
119	202
119	203
119	204
119	205
120	121
120	122
120	123
120	124
120	125
120	126
120	127
120	128
120	129
120	130
120	132
120	135
120	138
120	140
120	141
120	143
120	144
120	148
120	149
120	150
120	151
120	152
120	153
120	154
120	158
120	159
120	160
120	161
120	162
120	163
120	167
120	169
120	170
120	171
120	172
120	180
120	182
120	183
120	186
120	187
120	190
120	191
120	192
120	193
120	194
120	197
120	198
120	199
120	200
120	202
120	203
120	204
121	122
121	123
121	124
121	125
121	126
121	127
121	128
121	129
121	130
121	132
121	133
121	134
121	135
121	136
121	138
121	139
121	140
121	141
121	142
121	144
121	145
121	146
121	148
121	149
121	150
121	151
121	152
121	153
121	158
121	159
121	162
121	163
121	164
121	165
121	167
121	170
121	173
121	175
121	181
121	188
121	194
121	195
121	196
121	197
121	200
122	123
122	124
122	125
122	126
122	128
122	129
122	130
122	132
122	134
122	135
122	136
122	137
122	138
122	139
122	140
122	141
122	142
122	143
122	144
122	148
122	149
122	150
122	151
122	152
122	153
122	154
122	157
122	158
122	159
122	162
122	163
122	164
122	165
122	166
122	167
122	171
122	172
122	173
122	174
122	175
122	176
122	181
122	186
122	187
122	190
122	192
122	196
122	197
122	199
122	200
122	202
123	124
123	125
123	126
123	127
123	129
123	130
123	131
123	133
123	134
123	135
123	136
123	137
123	138
123	140
123	142
123	143
123	144
123	145
123	146
123	148
123	149
123	150
123	151
123	152
123	153
123	156
123	157
123	158
123	161
123	162
123	163
123	164
123	165
123	167
123	168
123	171
123	172
123	179
123	181
123	186
123	187
123	196
123	204
124	125
124	126
124	127
124	128
124	129
124	130
124	131
124	132
124	133
124	134
124	135
124	136
124	137
124	138
124	140
124	141
124	142
124	143
124	147
124	149
124	156
124	173
124	179
124	180
124	181
124	182
124	187
124	199
125	126
125	127
125	128
125	129
125	130
125	131
125	132
125	133
125	135
125	137
125	147
125	158
125	160
125	163
125	164
125	178
125	197
126	127
126	129
126	130
126	131
126	132
126	133
126	134
126	174
126	175
126	176
126	177
126	178
126	179
126	180
126	181
126	182
126	183
126	184
126	186
126	189
126	199
126	202
127	128
127	129
127	130
127	131
127	132
127	133
127	134
127	140
127	141
127	142
127	147
127	156
127	162
127	166
127	169
127	173
127	185
127	190
127	195
128	129
128	130
128	131
128	132
128	133
128	142
129	130
129	131
129	132
129	133
129	134
130	131
130	132
130	133
130	134
130	142
130	160
131	132
131	133
131	134
131	135
131	136
131	137
131	138
131	139
131	140
131	141
131	143
131	144
131	147
131	149
131	153
131	161
131	162
131	163
131	164
131	166
131	167
131	176
131	183
132	133
132	134
132	135
132	140
132	141
132	144
132	146
132	149
132	150
132	152
132	153
132	155
132	158
132	159
132	162
132	163
132	164
132	177
132	184
132	199
133	134
133	135
133	136
133	140
134	202
135	136
135	137
135	138
135	139
135	140
135	141
135	142
135	143
135	144
135	145
135	146
135	147
135	148
135	149
135	150
135	151
135	152
135	153
135	154
135	155
135	156
135	157
135	158
135	159
135	160
135	161
135	162
135	163
135	164
135	165
135	166
135	167
135	168
135	169
135	170
135	171
135	172
135	173
135	174
135	176
135	177
135	178
135	180
135	181
135	183
135	185
135	186
135	187
135	188
135	189
135	190
135	191
135	192
135	193
135	199
135	200
135	202
135	204
135	205
136	137
136	138
136	139
136	140
136	141
136	142
136	143
136	144
136	145
136	146
136	147
136	148
136	149
136	150
136	151
136	152
136	153
136	154
136	155
136	156
136	157
136	158
136	159
136	160
136	162
136	163
136	164
136	165
136	166
136	167
136	168
136	169
136	170
136	171
136	173
136	183
136	187
136	188
136	189
136	192
136	193
136	196
137	138
137	139
137	140
137	141
137	142
137	143
137	144
137	145
137	146
137	147
137	148
137	149
137	150
137	151
137	153
137	154
137	155
137	156
137	158
137	160
137	161
137	162
137	163
137	164
137	165
137	166
137	167
137	169
137	170
137	171
137	183
137	187
137	188
137	189
137	190
137	192
137	205
138	139
138	140
138	141
138	142
138	143
138	144
138	145
138	146
138	147
138	148
138	149
138	150
138	151
138	152
138	153
138	154
138	155
138	156
138	157
138	158
138	159
138	160
138	161
138	162
138	163
138	164
138	165
138	166
138	167
138	168
138	169
138	170
138	171
138	172
138	173
138	176
138	177
138	185
138	187
138	188
138	189
138	191
138	192
138	193
138	194
138	195
138	199
138	203
139	140
139	141
139	142
139	143
139	144
139	145
139	146
139	147
139	148
139	149
139	150
139	151
139	152
139	153
139	154
139	155
139	156
139	157
139	158
139	159
139	160
139	161
139	162
139	163
139	164
139	165
139	166
139	167
139	168
139	169
139	170
139	171
139	172
139	173
139	174
139	175
139	177
139	183
139	185
139	186
139	187
139	188
139	189
139	190
139	191
139	192
139	193
139	195
139	196
139	199
139	200
139	203
140	141
140	142
140	143
140	144
140	145
140	146
140	147
140	148
140	149
140	150
140	151
140	152
140	153
140	154
140	155
140	156
140	157
140	158
140	159
140	160
140	161
140	162
140	163
140	164
140	165
140	166
140	167
140	168
140	169
140	170
140	171
140	172
140	173
140	174
140	175
140	177
140	179
140	182
140	186
140	187
140	188
140	190
140	191
140	193
140	199
140	200
141	142
141	143
141	144
141	145
141	146
141	147
141	148
141	149
141	150
141	151
141	152
141	153
141	154
141	155
141	156
141	157
141	158
141	159
141	160
141	161
141	162
141	163
141	164
141	165
141	166
141	167
141	168
141	169
141	170
141	171
141	172
141	173
141	174
141	175
141	179
141	180
141	181
141	183
141	185
141	186
141	187
141	188
141	189
141	190
141	191
141	192
141	199
141	202
142	143
142	144
142	145
142	146
142	147
142	148
142	149
142	150
142	151
142	152
142	153
142	154
142	157
142	158
142	160
142	161
142	162
142	163
142	164
142	169
142	170
142	183
142	190
143	144
143	145
143	146
143	147
143	148
143	149
143	150
143	151
143	152
143	153
143	154
143	155
143	156
143	157
143	158
143	159
143	160
143	161
143	162
143	163
143	164
143	165
143	166
143	167
143	168
143	169
143	170
143	171
143	172
143	173
143	180
143	182
143	187
143	188
143	191
143	193
143	199
144	145
144	146
144	147
144	148
144	149
144	150
144	151
144	152
144	153
144	154
144	155
144	156
144	157
144	158
144	159
144	160
144	161
144	162
144	163
144	164
144	165
144	166
144	167
144	168
144	169
144	171
144	172
144	175
144	186
144	188
144	190
144	199
145	146
145	147
145	148
145	149
145	150
145	151
145	152
145	153
145	154
145	155
145	156
145	157
145	158
145	159
145	160
145	161
145	162
145	163
145	164
145	165
145	166
145	167
145	168
145	169
145	170
145	177
145	179
145	181
145	183
145	184
145	187
145	188
145	189
145	190
145	191
145	192
146	147
146	148
146	149
146	150
146	151
146	152
146	153
146	154
146	155
146	157
146	158
146	159
146	160
146	161
146	162
146	163
146	164
146	166
146	167
146	168
146	169
146	170
146	172
146	173
146	177
146	179
146	184
146	186
146	187
146	188
146	189
146	190
146	191
146	192
146	193
146	199
147	148
147	149
147	150
147	151
147	152
147	153
147	154
147	155
147	156
147	157
147	158
147	159
147	161
147	162
147	163
147	164
147	165
147	166
147	167
147	168
147	171
147	172
147	173
147	174
147	176
147	177
147	179
147	185
147	188
147	189
147	190
147	191
147	192
147	193
147	194
147	198
148	149
148	150
148	151
148	152
148	153
148	154
148	155
148	156
148	157
148	158
148	159
148	160
148	161
148	162
148	163
148	164
148	165
148	166
148	167
148	168
148	169
148	170
148	171
148	172
148	173
148	174
148	175
148	176
148	177
148	178
148	179
148	180
148	181
148	182
148	183
148	184
148	185
148	186
148	187
148	188
148	189
148	190
148	191
148	192
148	193
148	195
148	196
148	198
148	199
148	200
148	201
148	202
148	203
148	204
148	205
149	150
149	151
149	152
149	153
149	154
149	155
149	156
149	157
149	158
149	159
149	160
149	161
149	162
149	163
149	164
149	165
149	170
149	172
149	184
149	185
150	151
150	152
150	153
150	154
150	155
150	156
150	157
150	158
150	159
150	160
150	161
150	162
150	163
150	164
150	165
150	166
150	167
150	168
150	169
150	170
150	171
150	172
150	173
150	174
150	175
150	176
150	177
150	178
150	179
150	180
150	181
150	182
150	183
150	184
150	185
150	186
150	187
150	188
150	189
150	190
150	191
150	192
150	193
150	195
150	196
150	197
150	198
150	199
150	200
150	201
150	202
150	203
151	152
151	153
151	154
151	155
151	156
151	157
151	158
151	159
151	160
151	161
151	162
151	163
151	164
151	165
151	167
151	168
151	170
151	171
151	172
151	173
151	180
151	181
151	182
151	183
151	184
151	186
151	187
151	189
151	195
151	200
152	153
152	154
152	155
152	156
152	157
152	158
152	159
152	160
152	161
152	162
152	163
152	164
152	165
152	166
152	168
152	171
152	172
152	177
152	178
152	182
152	187
152	191
152	193
152	197
153	154
153	155
153	156
153	157
153	158
153	159
153	160
153	161
153	162
153	163
153	164
153	165
153	166
153	167
153	168
153	170
153	171
153	172
153	173
153	174
153	175
153	177
153	178
153	180
153	181
153	182
153	183
153	184
153	185
153	186
153	187
153	188
153	190
153	191
153	192
153	193
153	202
153	203
154	155
154	156
154	157
154	158
154	159
154	160
154	161
154	162
154	163
154	164
154	165
154	166
154	168
154	169
154	170
154	171
154	177
154	180
154	181
154	185
154	187
154	190
154	192
154	205
155	156
155	157
155	158
155	159
155	160
155	161
155	162
155	163
155	164
155	165
155	166
155	167
155	168
155	169
155	170
155	171
155	172
155	173
155	174
155	177
155	178
155	181
155	185
155	186
155	187
155	190
155	191
155	192
155	195
156	157
156	158
156	159
156	160
156	161
156	162
156	163
156	164
156	165
156	166
156	167
156	168
156	169
156	170
156	171
156	172
156	187
156	188
156	190
156	191
156	193
157	158
157	159
157	160
157	161
157	162
157	163
157	164
157	165
157	166
157	167
157	175
157	180
158	159
158	160
158	161
158	162
158	163
158	164
158	165
158	166
158	167
158	168
158	170
158	173
158	176
158	177
158	179
158	181
158	182
158	184
158	186
158	187
158	188
158	190
158	192
158	195
158	200
158	202
158	203
158	205
159	160
159	161
159	162
159	163
159	164
159	165
159	171
159	185
160	161
160	162
160	163
160	164
160	165
160	169
160	171
160	186
160	192
161	162
161	163
161	164
161	165
161	166
161	168
161	169
161	170
161	171
161	172
161	177
161	184
161	199
162	163
162	164
162	165
162	166
162	167
162	168
162	169
162	170
162	171
162	172
162	182
162	185
162	187
163	164
163	165
163	166
163	167
163	168
163	169
163	170
163	171
163	172
163	173
163	174
163	175
163	176
163	177
163	179
163	180
163	181
163	182
163	184
163	185
163	186
163	187
163	188
163	189
163	190
163	191
163	192
163	193
163	195
163	196
163	197
163	198
163	199
163	200
163	201
163	203
163	204
164	165
164	166
164	167
164	168
164	169
164	170
164	171
164	173
164	175
164	177
164	179
164	180
164	182
164	183
164	184
164	185
164	187
164	190
164	192
164	197
164	205
165	166
165	168
165	169
165	170
165	171
165	175
165	177
165	181
165	185
165	187
165	190
165	191
165	205
166	167
166	168
166	169
166	170
166	171
166	172
166	173
166	174
166	177
166	178
166	180
166	185
166	187
166	188
166	189
166	190
166	191
166	192
166	193
166	195
166	196
167	168
167	169
167	170
167	171
167	173
167	174
167	178
167	180
167	181
167	182
167	183
167	184
167	185
167	186
167	187
167	188
167	190
167	191
167	192
167	196
167	198
167	201
167	203
168	169
168	170
168	171
168	172
168	174
168	175
168	178
168	183
168	188
168	189
168	190
168	195
168	200
168	201
169	170
169	182
169	186
169	193
170	180
170	182
170	189
170	190
170	193
171	172
171	173
171	174
171	176
171	177
171	180
171	184
171	186
171	187
171	188
171	189
171	200
172	173
172	174
172	177
172	178
172	179
172	181
172	183
172	185
172	186
172	188
172	189
172	190
172	192
172	197
172	200
172	203
172	204
172	205
173	174
173	175
173	176
173	177
173	178
173	179
173	180
173	181
173	182
173	183
173	184
173	185
173	186
173	187
173	188
173	189
173	190
173	191
173	192
173	193
173	195
173	196
173	197
173	198
173	199
173	200
173	201
173	202
173	203
173	204
173	205
174	175
174	176
174	177
174	178
174	179
174	180
174	181
174	182
174	183
174	184
174	185
174	186
174	187
174	188
174	189
174	190
174	191
174	192
174	193
174	194
174	195
174	196
174	197
174	198
174	199
174	200
174	201
174	202
174	203
174	204
175	176
175	177
175	178
175	179
175	180
175	181
175	182
175	183
175	184
175	185
175	186
175	188
175	189
175	190
175	191
175	192
175	193
175	194
175	198
176	177
176	178
176	179
176	181
176	182
176	183
176	184
176	185
176	186
176	191
176	193
177	178
177	179
177	180
177	181
177	182
177	183
177	184
177	185
177	186
177	187
177	188
177	189
177	190
177	191
177	192
177	193
177	195
177	198
177	199
178	179
178	180
178	181
178	182
178	183
178	184
178	185
178	186
178	189
178	190
178	191
178	193
178	195
178	196
178	198
178	199
178	200
178	203
179	180
179	181
179	182
179	183
179	184
179	185
179	186
179	187
179	188
179	189
179	190
179	192
179	194
179	195
179	197
179	198
179	199
179	200
179	201
179	202
179	203
180	181
180	182
180	183
180	184
180	185
180	186
180	189
180	191
180	193
180	195
180	197
180	198
180	199
180	200
180	202
180	203
180	204
181	182
181	183
181	184
181	185
181	186
181	190
181	191
181	193
181	195
181	198
181	199
181	203
182	183
182	184
182	185
182	186
182	188
182	189
182	190
182	191
182	192
182	193
182	195
182	197
182	198
182	199
182	201
182	203
183	184
183	185
183	186
183	188
183	190
183	191
183	193
183	195
183	198
183	203
184	185
184	186
184	188
184	189
184	190
184	191
184	192
184	193
184	194
184	195
184	196
184	197
184	198
184	199
184	200
184	203
185	186
185	187
185	188
185	189
185	190
185	191
185	192
185	193
185	197
185	198
185	199
185	202
185	205
186	188
186	189
186	190
186	191
186	192
186	193
186	198
186	199
186	204
187	188
187	190
187	195
187	197
187	198
187	199
187	202
188	189
188	190
188	191
188	192
188	193
188	197
188	199
188	203
189	190
189	191
189	192
189	193
190	191
190	192
190	193
190	196
190	197
190	198
190	199
191	192
191	193
191	196
191	198
191	199
192	193
192	194
192	199
194	195
194	196
194	197
194	199
194	205
195	196
195	197
195	198
195	199
195	200
195	202
195	203
195	204
195	205
196	197
196	198
196	199
196	200
196	201
196	202
196	203
196	204
196	205
197	198
197	199
197	200
197	202
197	203
197	204
197	205
198	199
198	200
198	202
198	203
198	204
198	205
199	200
199	201
199	202
199	203
200	201
200	202
200	203
200	204
200	205
201	202
201	203
201	204
201	205
202	203
202	204
203	204
203	205
204	205
