0	1
0	2
0	3
0	4
0	5
0	6
0	7
0	8
0	9
0	10
0	11
0	12
0	13
0	14
0	15
0	16
0	17
0	18
0	19
0	20
0	21
0	22
0	23
0	24
0	25
0	26
0	27
0	28
0	29
0	30
0	31
0	32
0	33
0	34
0	35
0	36
0	37
0	38
0	39
0	40
0	41
0	42
0	43
0	44
0	45
0	46
0	47
0	48
0	49
0	50
0	51
0	52
0	53
0	54
0	55
0	56
0	57
0	58
0	59
0	66
0	68
0	69
0	70
0	71
0	72
0	73
0	74
0	75
0	76
0	77
0	78
0	79
0	80
0	81
0	82
0	83
0	84
0	86
0	87
0	88
0	89
0	90
0	94
0	95
0	96
0	97
0	98
0	99
0	100
0	101
0	102
0	103
0	104
0	105
0	106
0	107
0	108
0	109
0	110
0	111
0	112
0	113
0	114
0	115
0	116
0	117
0	118
0	119
0	120
0	121
0	122
0	123
0	124
0	125
0	126
0	127
0	128
0	130
0	131
0	132
0	134
0	135
0	136
0	137
0	138
0	139
0	140
0	141
0	142
0	143
0	144
0	145
0	146
0	147
0	148
0	150
0	151
0	155
0	156
0	159
0	160
0	161
0	162
0	166
0	167
0	168
0	169
0	171
0	172
0	173
0	174
0	175
0	176
0	177
0	178
0	179
0	180
0	181
0	182
0	183
0	184
0	185
0	186
0	187
0	188
0	190
0	191
0	192
0	193
0	194
0	195
0	196
0	197
0	198
0	199
0	200
0	201
0	202
0	203
0	204
1	2
1	3
1	4
1	5
1	6
1	7
1	8
1	9
1	10
1	11
1	12
1	13
1	14
1	15
1	16
1	17
1	18
1	19
1	20
1	21
1	22
1	23
1	24
1	25
1	26
1	27
1	28
1	29
1	30
1	31
1	32
1	33
1	34
1	35
1	36
1	37
1	38
1	39
1	40
1	41
1	42
1	43
1	44
1	45
1	46
1	47
1	48
1	49
1	51
1	52
1	53
1	54
1	55
1	56
1	58
1	67
1	69
1	70
1	71
1	74
1	75
1	76
1	77
1	78
1	79
1	95
1	96
1	97
1	98
1	99
1	100
1	101
1	102
1	103
1	104
1	105
1	106
1	107
1	108
1	109
1	110
1	111
1	112
1	113
1	114
1	115
1	116
1	117
1	118
1	119
1	120
1	121
1	122
1	123
1	124
1	126
1	131
1	132
1	135
1	137
1	151
1	156
1	160
1	171
1	172
1	173
1	174
1	177
1	178
1	181
1	182
1	184
1	185
1	186
1	187
1	192
1	193
1	194
1	195
1	196
1	197
1	198
1	199
1	200
1	201
1	202
1	203
1	204
2	3
2	4
2	5
2	6
2	7
2	8
2	9
2	10
2	11
2	12
2	13
2	14
2	15
2	16
2	18
2	19
2	20
2	21
2	22
2	23
2	24
2	25
2	26
2	27
2	28
2	29
2	30
2	31
2	32
2	33
2	34
2	35
2	36
2	37
2	38
2	39
2	40
2	41
2	42
2	43
2	44
2	46
2	47
2	48
2	49
2	50
2	51
2	52
2	53
2	54
2	55
2	56
2	57
2	58
2	59
2	60
2	61
2	62
2	63
2	64
2	65
2	66
2	67
2	68
2	69
2	70
2	71
2	72
2	73
2	74
2	75
2	76
2	77
2	78
2	79
2	80
2	81
2	82
2	83
2	84
2	85
2	86
2	87
2	88
2	89
2	90
2	91
2	92
2	93
2	94
2	95
2	96
2	97
2	98
2	99
2	100
2	101
2	102
2	103
2	104
2	105
2	106
2	107
2	108
2	109
2	110
2	111
2	112
2	113
2	114
2	115
2	116
2	117
2	118
2	119
2	120
2	121
2	122
2	123
2	124
2	125
2	126
2	127
2	128
2	130
2	132
2	133
2	134
2	135
2	136
2	137
2	138
2	139
2	140
2	141
2	142
2	143
2	144
2	145
2	146
2	147
2	148
2	149
2	150
2	151
2	152
2	153
2	155
2	156
2	157
2	158
2	159
2	160
2	162
2	165
2	166
2	167
2	169
2	170
2	171
2	172
2	173
2	174
2	175
2	176
2	177
2	178
2	179
2	180
2	181
2	182
2	183
2	184
2	185
2	186
2	187
2	188
2	189
2	190
2	191
2	192
2	193
2	194
2	195
2	196
2	197
2	198
2	199
2	200
2	201
2	202
2	203
2	204
3	4
3	5
3	6
3	7
3	8
3	9
3	10
3	11
3	12
3	13
3	14
3	15
3	16
3	17
3	18
3	19
3	20
3	21
3	23
3	24
3	25
3	26
3	27
3	28
3	30
3	31
3	32
3	33
3	35
3	36
3	38
3	40
3	41
3	42
3	45
3	46
3	47
3	49
3	50
3	51
3	52
3	53
3	54
3	55
3	56
3	57
3	58
3	59
3	60
3	61
3	62
3	63
3	64
3	65
3	66
3	67
3	68
3	69
3	70
3	71
3	72
3	73
3	74
3	75
3	76
3	77
3	78
3	79
3	80
3	81
3	82
3	83
3	84
3	85
3	86
3	87
3	88
3	89
3	90
3	91
3	92
3	93
3	94
3	95
3	96
3	97
3	98
3	99
3	100
3	101
3	102
3	103
3	104
3	105
3	106
3	107
3	108
3	109
3	110
3	111
3	112
3	113
3	114
3	115
3	116
3	117
3	118
3	119
3	120
3	121
3	122
3	123
3	124
3	125
3	126
3	127
3	128
3	129
3	130
3	131
3	132
3	133
3	135
3	136
3	137
3	138
3	139
3	140
3	141
3	142
3	143
3	144
3	145
3	146
3	147
3	148
3	149
3	150
3	151
3	152
3	153
3	154
3	155
3	156
3	157
3	158
3	159
3	160
3	161
3	162
3	163
3	164
3	165
3	166
3	167
3	168
3	169
3	170
3	171
3	172
3	173
3	174
3	175
3	176
3	177
3	178
3	179
3	180
3	181
3	182
3	183
3	184
3	185
3	186
3	187
3	188
3	189
3	190
3	191
3	192
3	193
3	194
3	195
3	196
3	197
3	198
3	199
3	200
3	201
3	202
3	203
3	204
4	5
4	6
4	7
4	8
4	9
4	10
4	11
4	12
4	13
4	14
4	15
4	16
4	17
4	18
4	19
4	20
4	21
4	22
4	23
4	24
4	26
4	27
4	28
4	29
4	30
4	31
4	32
4	33
4	34
4	35
4	36
4	37
4	38
4	39
4	40
4	41
4	42
4	43
4	44
4	45
4	46
4	47
4	48
4	49
4	51
4	53
4	54
4	55
4	57
4	58
4	63
4	69
4	71
4	72
4	73
4	74
4	76
4	77
4	78
4	79
4	88
4	95
4	96
4	97
4	98
4	99
4	100
4	101
4	102
4	103
4	104
4	105
4	106
4	107
4	108
4	109
4	110
4	111
4	112
4	113
4	114
4	115
4	116
4	117
4	118
4	119
4	120
4	121
4	122
4	123
4	124
4	125
4	129
4	130
4	131
4	132
4	133
4	134
4	135
4	136
4	138
4	140
4	141
4	142
4	151
4	156
4	160
4	165
4	166
4	168
4	169
4	172
4	173
4	175
4	176
4	177
4	178
4	179
4	181
4	183
4	184
4	185
4	186
4	187
4	189
4	190
4	191
4	193
4	194
4	195
4	196
4	197
4	198
4	199
4	200
4	201
4	202
4	203
4	204
5	6
5	7
5	8
5	9
5	10
5	11
5	12
5	13
5	14
5	15
5	16
5	17
5	18
5	20
5	21
5	22
5	23
5	24
5	25
5	26
5	27
5	28
5	29
5	30
5	31
5	32
5	33
5	34
5	35
5	36
5	37
5	38
5	39
5	40
5	41
5	42
5	43
5	44
5	46
5	51
5	52
5	53
5	54
5	55
5	56
5	58
5	67
5	74
5	75
5	78
5	79
5	91
5	95
5	96
5	97
5	98
5	99
5	100
5	101
5	102
5	103
5	104
5	105
5	106
5	107
5	108
5	109
5	111
5	113
5	114
5	115
5	117
5	118
5	120
5	121
5	129
5	172
5	175
5	180
5	181
5	192
5	199
6	7
6	8
6	9
6	10
6	11
6	12
6	13
6	15
6	17
6	18
6	21
6	22
6	23
6	24
6	25
6	26
6	28
6	29
6	30
6	31
6	32
6	33
6	34
6	35
6	36
6	37
6	38
6	39
6	40
6	42
6	43
6	44
6	45
6	46
6	47
6	48
6	99
6	100
6	102
6	105
6	106
6	107
6	114
6	115
6	117
6	147
6	204
7	8
7	9
7	10
7	11
7	12
7	13
7	14
7	15
7	16
7	17
7	18
7	19
7	20
7	21
7	22
7	23
7	24
7	25
7	26
7	27
7	28
7	29
7	30
7	31
7	32
7	33
7	34
7	35
7	36
7	37
7	38
7	39
7	40
7	41
7	43
7	45
7	46
7	48
7	49
7	50
7	51
7	52
7	53
7	54
7	55
7	56
7	57
7	58
7	62
7	63
7	64
7	67
7	69
7	70
7	71
7	72
7	73
7	74
7	76
7	77
7	78
7	79
7	80
7	85
7	87
7	88
7	90
7	91
7	92
7	94
7	95
7	96
7	97
7	98
7	99
7	100
7	101
7	102
7	103
7	104
7	105
7	106
7	107
7	108
7	109
7	110
7	111
7	112
7	113
7	114
7	115
7	116
7	117
7	118
7	119
7	120
7	121
7	122
7	123
7	124
7	125
7	126
7	129
7	130
7	132
7	133
7	134
7	135
7	137
7	138
7	140
7	141
7	143
7	144
7	146
7	147
7	149
7	155
7	160
7	161
7	166
7	168
7	172
7	173
7	174
7	175
7	178
7	179
7	181
7	182
7	184
7	185
7	186
7	187
7	189
7	193
7	194
7	195
7	196
7	197
7	198
7	199
7	200
7	201
7	202
7	203
7	204
8	9
8	10
8	11
8	12
8	13
8	14
8	15
8	16
8	17
8	18
8	19
8	20
8	21
8	22
8	23
8	24
8	25
8	26
8	27
8	28
8	29
8	30
8	31
8	32
8	33
8	34
8	35
8	36
8	37
8	38
8	40
8	42
8	43
8	44
8	48
8	49
8	50
8	51
8	52
8	53
8	54
8	55
8	56
8	57
8	58
8	69
8	74
8	75
8	76
8	77
8	78
8	79
8	83
8	88
8	89
8	95
8	96
8	97
8	98
8	99
8	100
8	101
8	103
8	104
8	105
8	106
8	107
8	108
8	109
8	110
8	111
8	112
8	113
8	114
8	115
8	116
8	117
8	118
8	120
8	122
8	123
8	124
8	126
8	140
8	144
8	166
8	169
8	173
8	182
8	185
8	190
8	193
8	195
8	196
8	197
8	198
8	199
8	202
8	203
8	204
9	10
9	11
9	12
9	13
9	14
9	15
9	16
9	17
9	18
9	19
9	20
9	21
9	22
9	23
9	24
9	25
9	26
9	28
9	29
9	30
9	31
9	32
9	33
9	34
9	35
9	36
9	37
9	38
9	39
9	40
9	41
9	42
9	43
9	44
9	45
9	46
9	47
9	48
9	49
9	51
9	53
9	54
9	58
9	69
9	70
9	72
9	74
9	76
9	77
9	78
9	79
9	88
9	91
9	92
9	94
9	95
9	96
9	97
9	98
9	99
9	100
9	101
9	102
9	103
9	104
9	105
9	106
9	107
9	108
9	109
9	110
9	111
9	112
9	113
9	114
9	115
9	116
9	117
9	118
9	119
9	120
9	121
9	122
9	123
9	125
9	130
9	133
9	135
9	137
9	138
9	140
9	145
9	147
9	159
9	165
9	166
9	168
9	169
9	172
9	173
9	176
9	178
9	179
9	181
9	185
9	186
9	190
9	194
9	195
9	196
9	197
9	198
9	199
9	200
9	202
9	203
9	204
10	11
10	12
10	13
10	14
10	15
10	17
10	18
10	20
10	21
10	22
10	23
10	24
10	26
10	27
10	28
10	30
10	31
10	33
10	34
10	36
10	37
10	41
10	44
10	48
10	95
10	100
10	105
10	107
10	114
10	125
10	181
10	199
10	200
11	12
11	13
11	14
11	15
11	16
11	17
11	18
11	19
11	20
11	21
11	22
11	23
11	24
11	25
11	26
11	27
11	28
11	29
11	30
11	31
11	32
11	33
11	34
11	35
11	36
11	37
11	39
11	40
11	41
11	42
11	43
11	44
11	46
11	48
11	49
11	51
11	53
11	54
11	55
11	56
11	58
11	69
11	70
11	71
11	73
11	76
11	77
11	78
11	79
11	95
11	96
11	97
11	98
11	99
11	100
11	101
11	102
11	103
11	104
11	105
11	106
11	107
11	108
11	109
11	110
11	111
11	112
11	113
11	114
11	115
11	116
11	117
11	118
11	120
11	122
11	123
11	125
11	130
11	140
11	143
11	170
11	173
11	179
11	180
11	181
11	184
11	185
11	186
11	189
11	190
11	193
11	195
11	196
11	197
11	198
11	199
11	200
11	202
11	203
11	204
12	13
12	14
12	15
12	16
12	17
12	18
12	19
12	20
12	21
12	22
12	23
12	24
12	25
12	26
12	28
12	29
12	30
12	31
12	32
12	33
12	34
12	35
12	36
12	37
12	38
12	39
12	40
12	41
12	42
12	43
12	44
12	46
12	47
12	48
12	51
12	54
12	55
12	70
12	71
12	72
12	74
12	76
12	78
12	79
12	95
12	96
12	97
12	98
12	99
12	100
12	101
12	102
12	103
12	104
12	105
12	106
12	107
12	108
12	109
12	110
12	111
12	112
12	113
12	114
12	115
12	116
12	117
12	118
12	120
12	121
12	122
12	123
12	127
12	178
12	179
12	186
12	194
12	196
12	197
12	198
12	199
12	201
13	14
13	15
13	16
13	17
13	18
13	19
13	20
13	21
13	22
13	23
13	24
13	26
13	27
13	28
13	31
13	32
13	34
13	35
13	36
13	37
13	38
13	39
13	40
13	41
13	43
13	45
13	46
13	48
13	51
13	54
13	57
13	58
13	69
13	74
13	78
13	95
13	96
13	97
13	98
13	99
13	100
13	101
13	103
13	104
13	105
13	106
13	107
13	108
13	109
13	110
13	111
13	112
13	113
13	114
13	115
13	117
13	118
13	120
13	122
13	142
13	168
13	203
13	204
14	15
14	16
14	17
14	18
14	19
14	20
14	21
14	22
14	23
14	27
14	33
14	36
14	37
14	38
14	39
14	40
14	41
14	56
14	78
14	79
14	95
14	97
14	98
14	99
14	100
14	101
14	103
14	105
14	106
14	107
14	108
14	109
14	110
14	111
14	113
14	114
14	115
14	116
14	120
14	122
14	123
14	161
14	172
14	173
14	179
14	180
14	181
14	185
14	193
14	194
14	195
14	196
14	197
14	198
14	200
14	203
14	204
15	16
15	17
15	18
15	19
15	20
15	21
15	22
15	23
15	26
15	27
15	29
15	30
15	32
15	34
15	43
15	72
15	97
15	107
15	113
15	115
15	116
15	117
15	124
15	179
15	193
15	196
15	204
16	17
16	18
16	19
16	20
16	40
16	43
16	48
16	51
16	54
16	58
16	70
16	72
16	77
16	78
16	79
16	80
16	97
16	101
16	103
16	105
16	106
16	108
16	109
16	110
16	111
16	112
16	113
16	114
16	115
16	116
16	117
16	118
16	119
16	120
16	122
16	127
16	129
16	131
16	179
16	193
16	196
16	198
16	203
17	18
17	19
17	20
17	21
17	22
17	28
17	34
17	107
18	19
18	20
18	21
18	22
18	23
18	28
18	29
18	30
18	33
18	35
18	36
18	38
18	40
18	41
18	51
18	95
18	96
18	97
18	98
18	99
18	100
18	101
18	102
18	103
18	104
18	105
18	106
18	107
18	108
18	109
18	111
18	112
18	113
18	114
18	115
18	116
18	117
18	130
18	132
18	173
18	177
18	179
18	180
18	182
18	185
18	186
18	191
18	195
18	196
18	197
18	198
18	202
18	203
18	204
19	20
19	21
19	22
19	23
19	25
19	27
19	32
19	37
19	39
19	49
19	50
19	51
19	52
19	53
19	54
19	55
19	56
19	57
19	58
19	59
19	62
19	69
19	70
19	71
19	74
19	76
19	77
19	78
19	79
19	83
19	88
19	95
19	96
19	97
19	99
19	100
19	101
19	102
19	103
19	104
19	105
19	106
19	107
19	108
19	109
19	110
19	111
19	112
19	113
19	114
19	115
19	116
19	117
19	118
19	119
19	120
19	122
19	123
19	125
19	126
19	127
19	129
19	130
19	131
19	132
19	133
19	134
19	135
19	136
19	137
19	139
19	140
19	141
19	142
19	143
19	144
19	152
19	157
19	165
19	168
19	169
19	172
19	173
19	174
19	177
19	178
19	179
19	180
19	181
19	182
19	183
19	185
19	186
19	191
19	192
19	193
19	194
19	195
19	196
19	197
19	198
19	199
19	200
19	201
19	202
19	203
19	204
20	21
20	23
20	30
20	31
20	34
20	46
20	47
20	48
20	95
20	96
20	97
20	98
20	101
20	105
20	106
20	107
20	108
20	112
20	113
20	114
20	116
20	121
20	142
20	179
20	186
20	191
20	195
20	196
20	197
20	198
20	200
21	22
21	23
21	26
21	27
21	29
21	31
21	34
21	37
21	40
21	48
21	107
21	114
21	183
21	193
21	199
21	200
21	203
21	204
22	23
22	24
22	25
22	26
22	27
22	28
22	29
22	30
22	31
22	32
22	33
22	34
22	35
22	36
22	37
22	38
22	39
22	40
22	41
22	42
22	43
22	46
22	47
22	48
22	54
22	95
22	96
22	97
22	99
22	100
22	104
22	105
22	107
22	114
22	117
22	123
22	172
22	202
23	24
23	25
23	26
23	27
23	28
23	29
23	30
23	31
23	32
23	33
23	34
23	35
23	36
23	37
23	38
23	39
23	40
23	41
23	42
23	43
23	44
23	46
23	47
23	48
23	54
23	96
23	100
23	102
23	103
23	104
23	107
23	175
24	25
24	26
24	27
24	28
24	29
24	30
24	31
24	32
24	33
24	34
24	35
24	36
24	37
24	38
24	39
24	40
24	41
24	42
24	43
24	44
24	45
24	46
24	47
24	48
24	55
24	57
24	72
24	73
24	75
24	78
24	88
24	95
24	96
24	97
24	99
24	100
24	101
24	102
24	103
24	104
24	105
24	106
24	107
24	108
24	109
24	117
24	124
24	126
24	130
24	135
24	168
24	171
24	172
24	178
24	182
24	183
24	199
24	204
25	26
25	27
25	28
25	29
25	30
25	31
25	32
25	33
25	34
25	35
25	36
25	37
25	38
25	39
25	40
25	41
25	42
25	43
25	44
25	45
25	46
25	47
25	48
25	49
25	54
25	55
25	67
25	77
25	95
25	96
25	97
25	98
25	99
25	100
25	101
25	102
25	103
25	104
25	105
25	106
25	109
25	114
25	122
25	129
25	169
25	172
25	186
25	193
26	27
26	28
26	29
26	30
26	31
26	32
26	33
26	34
26	35
26	36
26	37
26	38
26	39
26	40
26	42
26	43
26	46
26	48
26	95
26	97
26	105
26	107
26	110
26	132
27	28
27	29
27	30
27	31
27	32
27	33
27	34
27	35
27	36
27	37
27	38
27	39
27	41
27	44
27	45
27	46
27	47
27	48
28	29
28	30
28	31
28	32
28	33
28	34
28	35
28	36
28	37
28	38
28	39
28	40
28	41
28	42
28	43
28	45
28	46
28	48
28	96
28	97
28	99
28	100
28	102
28	103
28	105
28	107
28	125
28	172
29	30
29	31
29	32
29	33
29	34
29	35
29	36
29	37
29	38
29	39
29	40
29	41
29	42
29	43
29	44
29	45
29	46
29	47
29	48
29	98
29	99
29	101
29	102
29	103
29	107
29	128
29	134
30	31
30	32
30	33
30	34
30	35
30	36
30	37
30	39
30	40
30	43
30	44
30	45
30	46
30	48
30	102
30	106
30	107
30	204
31	32
31	33
31	34
31	35
31	36
31	37
31	38
31	39
31	40
31	42
31	43
31	44
31	45
31	46
31	47
31	48
31	102
31	107
32	33
32	34
32	35
32	36
32	37
32	38
32	39
32	40
32	41
32	42
32	43
32	44
32	45
32	46
32	47
32	48
32	101
32	102
32	113
32	125
32	174
32	181
33	34
33	35
33	36
33	37
33	38
33	39
33	40
33	42
33	43
33	44
33	45
33	46
33	47
33	48
33	95
33	96
33	97
33	100
33	102
33	106
33	107
33	160
34	35
34	36
34	37
34	38
34	39
34	40
34	41
34	42
34	43
34	44
34	45
34	46
34	47
34	48
34	67
34	79
34	96
34	97
34	99
34	100
34	102
34	104
34	105
34	106
34	107
34	116
34	134
35	36
35	37
35	38
35	39
35	40
35	41
35	42
35	43
35	44
35	45
35	46
35	47
35	48
35	51
35	54
35	55
35	57
35	58
35	70
35	73
35	81
35	95
35	96
35	97
35	99
35	100
35	101
35	102
35	103
35	104
35	106
35	107
35	108
35	117
35	129
35	166
35	169
35	170
35	172
35	179
35	200
35	203
35	204
36	37
36	38
36	39
36	40
36	41
36	42
36	43
36	44
36	45
36	46
36	47
36	48
36	67
36	95
36	96
36	97
36	99
36	100
36	102
36	103
36	104
36	106
36	107
36	180
37	38
37	39
37	40
37	41
37	42
37	43
37	44
37	45
37	46
37	47
37	48
37	79
37	96
37	97
37	99
37	100
37	102
37	103
37	107
38	39
38	40
38	41
38	42
38	43
38	46
38	48
38	74
38	96
38	99
38	102
38	107
38	169
39	40
39	41
39	42
39	43
39	44
39	45
39	46
39	47
39	48
39	70
39	96
39	97
39	99
39	100
39	102
39	103
39	104
39	107
39	128
40	43
40	44
40	46
40	47
40	48
40	70
40	100
41	42
41	43
41	44
41	45
41	46
41	48
41	96
41	99
41	102
42	43
42	44
42	45
42	46
42	48
42	102
43	44
43	45
43	46
43	47
43	48
43	96
43	99
43	102
44	45
44	46
44	47
44	48
44	96
44	99
44	102
44	104
45	46
45	48
46	47
46	48
46	95
46	96
46	99
46	100
46	102
46	103
46	104
46	183
47	48
47	102
48	95
48	96
48	99
48	100
48	102
48	103
48	104
48	105
48	107
48	134
49	50
49	51
49	52
49	53
49	54
49	55
49	56
49	57
49	58
49	59
49	60
49	61
49	62
49	63
49	64
49	65
49	66
49	67
49	68
49	69
49	70
49	71
49	72
49	73
49	74
49	75
49	76
49	77
49	78
49	79
49	80
49	81
49	82
49	86
49	87
49	88
49	89
49	90
49	91
49	92
49	93
49	94
49	95
49	96
49	97
49	98
49	99
49	100
49	101
49	102
49	103
49	104
49	105
49	106
49	107
49	108
49	109
49	110
49	111
49	112
49	113
49	114
49	115
49	116
49	117
49	118
49	119
49	120
49	121
49	122
49	123
49	124
49	125
49	126
49	127
49	129
49	130
49	131
49	132
49	135
49	136
49	137
49	138
49	139
49	140
49	142
49	143
49	145
49	172
49	173
49	178
49	179
49	180
49	182
49	183
49	184
49	185
49	187
49	190
49	192
49	194
49	195
49	196
49	198
49	200
49	201
49	202
49	203
50	51
50	52
50	53
50	54
50	55
50	56
50	57
50	58
50	59
50	60
50	61
50	62
50	63
50	64
50	65
50	66
50	67
50	68
50	69
50	70
50	71
50	72
50	73
50	74
50	75
50	76
50	77
50	78
50	79
50	80
50	82
50	86
50	87
50	88
50	90
50	91
50	92
50	93
50	94
50	95
50	96
50	97
50	98
50	99
50	100
50	101
50	102
50	103
50	104
50	105
50	106
50	107
50	108
50	109
50	110
50	111
50	112
50	113
50	114
50	115
50	116
50	117
50	118
50	119
50	120
50	121
50	122
50	123
50	124
50	126
50	127
50	128
50	131
50	133
50	134
50	136
50	137
50	139
50	140
50	141
50	142
50	149
50	173
50	174
50	176
50	177
50	178
50	179
50	181
50	183
50	184
50	185
50	186
50	187
50	188
50	190
50	191
50	192
50	194
50	195
50	196
50	197
50	198
50	200
50	201
50	203
51	52
51	53
51	54
51	55
51	56
51	57
51	58
51	59
51	60
51	61
51	62
51	63
51	64
51	65
51	66
51	67
51	68
51	69
51	70
51	71
51	72
51	73
51	74
51	75
51	76
51	77
51	78
51	79
51	80
51	81
51	82
51	83
51	84
51	85
51	86
51	87
51	88
51	89
51	90
51	92
51	93
51	94
51	95
51	96
51	97
51	98
51	99
51	100
51	101
51	102
51	103
51	104
51	105
51	106
51	107
51	108
51	109
51	110
51	111
51	112
51	113
51	114
51	115
51	116
51	117
51	118
51	119
51	120
51	121
51	122
51	123
51	124
51	126
51	127
51	128
51	129
51	133
51	135
51	136
51	137
51	138
51	140
51	141
51	142
51	144
51	149
51	159
51	167
51	169
51	170
51	173
51	177
51	178
51	182
51	185
51	186
51	187
51	188
51	189
51	190
51	192
51	193
51	194
51	195
51	196
51	197
51	198
51	199
51	200
51	201
51	202
51	203
51	204
52	53
52	54
52	55
52	56
52	57
52	58
52	59
52	60
52	62
52	63
52	64
52	65
52	66
52	67
52	68
52	69
52	70
52	71
52	72
52	73
52	74
52	75
52	76
52	77
52	78
52	79
52	80
52	82
52	83
52	84
52	86
52	87
52	90
52	91
52	93
52	94
52	95
52	96
52	97
52	98
52	99
52	100
52	101
52	103
52	104
52	106
52	108
52	109
52	110
52	111
52	112
52	113
52	114
52	115
52	116
52	117
52	118
52	119
52	120
52	121
52	122
52	123
52	124
52	126
52	128
52	134
52	138
52	140
52	162
52	174
52	177
52	178
52	181
52	183
52	184
52	186
52	187
52	194
52	198
52	201
52	203
52	204
53	54
53	55
53	56
53	57
53	58
53	59
53	60
53	61
53	62
53	63
53	64
53	65
53	66
53	67
53	68
53	69
53	70
53	71
53	72
53	73
53	74
53	75
53	76
53	77
53	78
53	79
53	80
53	82
53	84
53	86
53	87
53	88
53	90
53	92
53	93
53	94
53	95
53	96
53	97
53	98
53	99
53	100
53	101
53	102
53	103
53	104
53	105
53	106
53	107
53	108
53	109
53	110
53	112
53	113
53	114
53	115
53	117
53	118
53	119
53	120
53	122
53	123
53	129
53	130
53	135
53	136
53	137
53	141
53	146
53	159
53	169
53	171
53	173
53	175
53	176
53	177
53	184
53	187
53	192
53	193
53	194
53	195
53	196
53	197
53	198
53	199
53	202
53	203
54	55
54	56
54	57
54	58
54	59
54	60
54	62
54	63
54	64
54	67
54	69
54	71
54	72
54	73
54	74
54	75
54	76
54	77
54	78
54	79
54	80
54	82
54	90
54	94
54	95
54	96
54	97
54	98
54	99
54	100
54	101
54	102
54	103
54	104
54	105
54	106
54	107
54	108
54	110
54	111
54	113
54	114
54	116
54	117
54	118
54	120
54	122
54	130
54	131
54	144
54	159
54	169
54	173
54	175
54	182
54	184
54	185
54	186
54	193
55	56
55	57
55	58
55	59
55	60
55	62
55	63
55	64
55	65
55	66
55	67
55	68
55	69
55	70
55	71
55	72
55	73
55	74
55	75
55	76
55	77
55	78
55	79
55	80
55	82
55	86
55	87
55	88
55	89
55	90
55	91
55	92
55	93
55	94
55	95
55	96
55	97
55	98
55	99
55	100
55	101
55	102
55	103
55	104
55	105
55	106
55	107
55	108
55	109
55	110
55	111
55	112
55	113
55	114
55	115
55	116
55	117
55	118
55	120
55	121
55	122
55	124
55	127
55	132
55	133
55	134
55	140
55	141
55	143
55	147
55	175
55	182
55	186
55	195
55	196
55	197
55	200
55	201
55	202
55	203
55	204
56	57
56	58
56	59
56	60
56	62
56	63
56	67
56	69
56	70
56	71
56	72
56	73
56	74
56	75
56	76
56	77
56	78
56	79
56	80
56	90
56	91
56	92
56	95
56	96
56	98
56	99
56	100
56	101
56	102
56	103
56	104
56	106
56	107
56	108
56	109
56	112
56	114
56	115
56	116
56	117
56	118
56	119
56	120
56	122
56	124
56	125
56	127
56	132
56	155
56	169
56	176
56	184
56	188
56	193
56	195
56	196
56	199
56	201
56	202
56	203
57	58
57	59
57	60
57	62
57	63
57	66
57	67
57	69
57	70
57	71
57	72
57	73
57	74
57	75
57	76
57	77
57	78
57	79
57	80
57	86
57	90
57	92
57	93
57	97
57	98
57	101
57	104
57	106
57	108
57	111
57	115
57	116
57	118
57	120
57	123
57	125
57	126
57	127
57	137
57	178
57	202
58	59
58	60
58	61
58	62
58	63
58	64
58	65
58	66
58	67
58	68
58	69
58	70
58	71
58	72
58	73
58	74
58	75
58	76
58	77
58	78
58	79
58	80
58	86
58	90
58	94
58	95
58	96
58	97
58	98
58	99
58	100
58	101
58	102
58	103
58	104
58	105
58	106
58	107
58	108
58	109
58	110
58	112
58	115
58	117
58	118
58	120
58	121
58	122
58	130
58	132
58	133
58	134
58	176
58	179
58	204
59	60
59	61
59	62
59	63
59	64
59	65
59	66
59	67
59	68
59	69
59	70
59	71
59	72
59	73
59	74
59	75
59	76
59	77
59	78
59	79
59	80
59	81
59	82
59	83
59	84
59	85
59	86
59	87
59	88
59	89
59	90
59	91
59	92
59	93
59	94
59	95
59	96
59	97
59	98
59	99
59	100
59	101
59	102
59	103
59	104
59	105
59	106
59	107
59	108
59	109
59	110
59	111
59	112
59	113
59	114
59	115
59	116
59	117
59	118
59	119
59	120
59	121
59	122
59	123
59	124
59	125
59	127
59	131
59	132
59	134
59	135
59	136
59	137
59	138
59	139
59	140
59	141
59	142
59	143
59	144
59	145
59	146
59	147
59	148
59	149
59	150
59	156
59	159
59	166
59	167
59	170
59	171
59	172
59	173
59	174
59	175
59	176
59	178
59	179
59	180
59	181
59	182
59	183
59	184
59	185
59	186
59	187
59	188
59	189
59	190
59	191
59	192
59	193
59	194
59	195
59	196
59	197
59	198
59	199
59	200
59	201
59	202
60	61
60	62
60	63
60	64
60	65
60	66
60	67
60	68
60	69
60	70
60	71
60	72
60	73
60	74
60	75
60	76
60	77
60	78
60	79
60	80
60	81
60	82
60	83
60	84
60	86
60	87
60	88
60	89
60	90
60	91
60	92
60	93
60	94
60	96
60	97
60	98
60	99
60	100
60	101
60	102
60	103
60	104
60	105
60	106
60	108
60	109
60	110
60	111
60	112
60	113
60	115
60	116
60	117
60	118
60	119
60	120
60	121
60	122
60	123
60	124
60	127
60	128
60	133
60	135
60	136
60	137
60	138
60	139
60	140
60	141
60	142
60	143
60	145
60	146
60	147
60	152
60	160
60	164
60	165
60	167
60	169
60	173
60	174
60	176
60	177
60	178
60	179
60	180
60	182
60	183
60	184
60	185
60	186
60	187
60	188
60	189
60	190
60	191
60	192
60	193
60	194
60	195
60	196
60	198
60	200
60	201
61	62
61	63
61	64
61	65
61	66
61	67
61	68
61	69
61	70
61	71
61	72
61	73
61	74
61	75
61	76
61	77
61	78
61	79
61	80
61	81
61	82
61	83
61	84
61	85
61	86
61	87
61	88
61	89
61	90
61	91
61	92
61	93
61	94
61	95
61	96
61	97
61	98
61	99
61	100
61	101
61	102
61	103
61	104
61	105
61	106
61	107
61	108
61	109
61	110
61	111
61	112
61	113
61	115
61	116
61	117
61	118
61	119
61	120
61	121
61	122
61	123
61	124
61	125
61	127
61	129
61	132
61	133
61	135
61	136
61	137
61	138
61	139
61	140
61	141
61	142
61	143
61	145
61	146
61	147
61	148
61	150
61	152
61	153
61	154
61	156
61	159
61	160
61	161
61	162
61	163
61	164
61	165
61	166
61	167
61	168
61	170
61	173
61	174
61	176
61	177
61	178
61	180
61	181
61	182
61	183
61	184
61	185
61	186
61	187
61	188
61	189
61	190
61	191
61	192
61	193
61	194
61	195
61	197
61	198
61	199
61	202
61	203
61	204
62	63
62	64
62	65
62	66
62	67
62	68
62	69
62	70
62	71
62	72
62	73
62	74
62	75
62	76
62	77
62	78
62	79
62	80
62	82
62	83
62	85
62	86
62	87
62	88
62	89
62	90
62	91
62	92
62	93
62	94
62	98
62	101
62	102
62	104
62	106
62	108
62	110
62	112
62	113
62	114
62	115
62	116
62	117
62	119
62	120
62	121
62	122
62	123
62	125
62	127
62	132
62	133
62	134
62	135
62	136
62	137
62	138
62	139
62	140
62	142
62	143
62	144
62	145
62	147
62	172
62	175
62	176
62	178
62	179
62	181
62	184
62	186
62	187
62	188
62	189
62	197
63	64
63	65
63	66
63	67
63	68
63	69
63	70
63	71
63	72
63	73
63	74
63	75
63	76
63	77
63	78
63	79
63	80
63	86
63	87
63	90
63	92
63	93
63	94
63	98
63	101
63	104
63	115
63	119
63	120
63	121
63	122
63	123
63	130
63	139
63	140
63	177
63	179
63	188
64	65
64	66
64	67
64	68
64	69
64	70
64	71
64	72
64	73
64	74
64	75
64	76
64	77
64	78
64	79
64	80
64	83
64	84
64	86
64	87
64	88
64	91
64	92
64	93
64	94
64	95
64	97
64	98
64	100
64	101
64	104
64	108
64	109
64	110
64	111
64	112
64	113
64	114
64	116
64	118
64	119
64	120
64	121
64	122
64	123
64	129
64	130
64	133
64	137
64	138
64	139
64	143
64	144
64	145
64	146
64	169
64	174
64	175
64	178
64	179
64	183
64	184
64	187
64	188
64	189
64	190
64	191
64	193
65	66
65	67
65	68
65	69
65	70
65	71
65	72
65	73
65	74
65	75
65	76
65	77
65	78
65	79
65	80
65	81
65	82
65	83
65	84
65	86
65	87
65	88
65	89
65	90
65	91
65	92
65	93
65	94
65	95
65	96
65	97
65	98
65	100
65	101
65	103
65	104
65	105
65	107
65	108
65	109
65	110
65	111
65	112
65	113
65	114
65	115
65	116
65	117
65	118
65	119
65	120
65	121
65	122
65	123
65	127
65	129
65	132
65	133
65	134
65	135
65	136
65	137
65	138
65	139
65	140
65	141
65	142
65	143
65	144
65	145
65	146
65	147
65	152
65	154
65	161
65	164
65	166
65	167
65	168
65	169
65	170
65	172
65	173
65	184
65	185
65	187
65	188
65	189
65	190
65	191
65	193
65	194
65	195
65	197
65	198
65	199
65	200
65	201
65	202
65	203
66	67
66	68
66	69
66	70
66	71
66	72
66	73
66	75
66	76
66	79
66	80
66	83
66	86
66	87
66	88
66	89
66	90
66	91
66	92
66	93
66	94
66	98
66	119
66	130
66	144
66	146
66	147
66	184
67	68
67	70
67	72
67	73
67	78
67	85
67	87
67	102
67	103
67	120
68	83
68	86
68	87
68	91
68	92
68	94
68	126
68	130
68	136
68	154
68	159
68	160
68	169
68	170
68	188
69	70
69	71
69	72
69	73
69	74
69	75
69	76
69	77
69	78
69	79
69	80
69	81
69	83
69	84
69	85
69	86
69	87
69	88
69	89
69	90
69	92
69	93
69	94
69	95
69	96
69	97
69	98
69	99
69	100
69	101
69	103
69	104
69	105
69	106
69	107
69	108
69	109
69	110
69	111
69	112
69	113
69	115
69	117
69	118
69	119
69	120
69	121
69	122
69	123
69	124
69	125
69	126
69	127
69	129
69	130
69	131
69	132
69	133
69	135
69	137
69	138
69	140
69	141
69	142
69	143
69	147
69	149
69	172
69	173
69	174
69	175
69	177
69	178
69	179
69	180
69	183
69	185
69	186
69	187
69	188
69	193
69	194
69	195
69	198
69	200
69	201
69	202
69	204
70	71
70	72
70	73
70	74
70	75
70	76
70	77
70	78
70	79
70	80
70	86
70	88
70	90
70	92
70	93
70	94
70	95
70	98
70	101
70	103
70	105
70	107
70	108
70	109
70	110
70	112
70	114
70	115
70	120
70	121
70	122
70	123
70	124
70	125
70	127
70	130
70	131
70	132
70	133
70	135
70	137
70	175
70	182
70	191
70	192
71	72
71	73
71	74
71	75
71	76
71	77
71	78
71	79
71	80
71	81
71	83
71	84
71	85
71	86
71	89
71	90
71	94
71	98
71	100
71	101
71	103
71	104
71	105
71	108
71	110
71	111
71	112
71	113
71	114
71	115
71	117
71	118
71	120
71	122
71	125
71	130
71	131
71	132
71	152
71	165
71	175
71	202
72	73
72	74
72	75
72	76
72	77
72	78
72	79
72	80
72	84
72	85
72	90
72	92
72	98
72	101
72	104
72	107
72	108
72	110
72	120
72	121
72	122
72	123
72	126
72	129
72	131
72	133
72	152
72	165
72	174
73	74
73	75
73	76
73	77
73	78
73	79
73	80
73	85
73	86
73	90
73	92
73	93
73	95
73	98
73	101
73	106
73	107
73	121
73	126
73	132
73	142
74	75
74	76
74	77
74	78
74	79
74	80
74	92
74	97
74	98
74	101
74	102
74	103
74	104
74	108
74	110
74	111
74	112
74	115
74	117
74	118
74	120
74	121
74	122
74	179
74	194
75	76
75	77
75	78
75	79
75	80
75	90
75	131
75	166
75	167
75	179
75	192
76	77
76	78
76	79
76	80
76	81
76	82
76	83
76	84
76	85
76	86
76	88
76	89
76	90
76	92
76	93
76	94
76	95
76	96
76	97
76	98
76	103
76	104
76	105
76	106
76	108
76	109
76	110
76	115
76	116
76	119
76	120
76	121
76	122
76	124
76	125
76	127
76	131
76	132
76	135
76	136
76	137
76	139
76	140
76	145
76	146
76	147
76	148
76	149
76	150
76	155
76	157
76	158
76	161
76	163
76	164
76	165
76	166
76	171
76	172
76	177
76	182
76	187
76	189
76	190
76	194
76	197
76	201
76	202
77	78
77	79
77	80
77	87
77	88
77	92
77	94
77	96
77	97
77	98
77	101
77	103
77	104
77	105
77	106
77	108
77	109
77	110
77	111
77	112
77	113
77	114
77	115
77	117
77	118
77	119
77	120
77	121
77	122
77	123
77	124
77	125
77	129
77	130
77	132
77	177
77	178
77	181
78	79
78	80
78	81
78	82
78	83
78	84
78	85
78	86
78	87
78	88
78	89
78	90
78	91
78	92
78	93
78	94
78	95
78	96
78	97
78	98
78	99
78	100
78	101
78	102
78	103
78	104
78	105
78	106
78	107
78	108
78	109
78	110
78	111
78	112
78	113
78	114
78	115
78	116
78	117
78	118
78	119
78	120
78	121
78	122
78	123
78	124
78	125
78	127
78	128
78	129
78	130
78	131
78	132
78	133
78	134
78	135
78	138
78	140
78	144
78	145
78	146
78	148
78	149
78	150
78	152
78	153
78	154
78	157
78	158
78	159
78	160
78	161
78	162
78	163
78	164
78	165
78	167
78	168
78	171
78	172
78	181
78	193
78	195
78	196
78	198
78	199
78	200
78	201
78	202
78	204
79	80
79	81
79	82
79	83
79	84
79	85
79	86
79	87
79	88
79	89
79	90
79	91
79	92
79	93
79	94
79	95
79	96
79	98
79	99
79	100
79	101
79	102
79	103
79	104
79	105
79	106
79	107
79	108
79	109
79	110
79	111
79	112
79	113
79	115
79	116
79	117
79	118
79	119
79	120
79	121
79	122
79	123
79	125
79	128
79	131
79	132
79	134
79	135
79	137
79	138
79	143
79	145
79	146
79	148
79	149
79	150
79	152
79	153
79	155
79	158
79	159
79	160
79	162
79	165
79	171
79	172
79	175
79	176
79	177
79	183
79	193
79	195
79	196
79	197
79	201
79	202
79	203
80	88
80	90
80	94
80	127
80	128
80	131
80	132
80	142
80	143
80	193
81	82
81	83
81	84
81	85
81	86
81	87
81	88
81	90
81	91
81	92
81	93
81	94
81	110
81	112
81	114
81	115
81	117
81	118
81	122
81	124
81	132
81	135
81	139
81	140
81	142
81	144
81	146
81	147
81	150
81	152
81	156
81	157
81	159
81	160
81	161
81	165
81	166
81	170
81	176
81	178
81	179
81	180
81	182
81	183
81	184
81	185
81	186
81	187
81	188
81	189
81	190
81	191
81	192
81	197
82	83
82	84
82	85
82	86
82	87
82	88
82	89
82	91
82	93
82	94
82	95
82	98
82	102
82	103
82	106
82	116
82	124
82	138
82	139
82	141
82	142
82	144
82	146
82	147
82	151
82	152
82	153
82	155
82	156
82	157
82	159
82	160
82	161
82	162
82	165
82	166
82	171
82	175
82	181
82	183
82	185
82	187
82	188
82	189
82	190
82	191
82	192
82	199
82	201
82	202
83	84
83	85
83	86
83	87
83	88
83	91
83	92
83	93
83	94
83	125
83	126
83	133
83	139
83	146
83	149
83	152
83	154
83	158
83	159
83	160
83	162
83	164
83	165
83	168
83	172
84	85
84	86
84	87
84	88
84	89
84	90
84	91
84	92
84	93
84	94
84	95
84	96
84	97
84	98
84	99
84	100
84	101
84	104
84	105
84	106
84	109
84	111
84	112
84	113
84	117
84	119
84	120
84	121
84	122
84	123
84	124
84	126
84	128
84	129
84	132
84	135
84	136
84	137
84	138
84	139
84	140
84	141
84	142
84	143
84	144
84	145
84	146
84	147
84	148
84	149
84	150
84	151
84	152
84	153
84	154
84	155
84	156
84	157
84	158
84	159
84	160
84	161
84	162
84	163
84	164
84	165
84	166
84	167
84	168
84	169
84	170
84	171
84	172
84	173
84	174
84	176
84	177
84	178
84	179
84	183
84	184
84	185
84	187
84	188
84	189
84	190
84	191
84	192
84	194
84	197
84	199
84	200
84	203
85	86
85	87
85	88
85	91
85	92
85	93
85	94
85	128
85	131
85	136
85	138
85	142
85	144
85	145
85	148
85	150
85	151
85	152
85	153
85	154
85	155
85	156
85	157
85	158
85	159
85	160
85	161
85	162
85	163
85	164
85	165
85	166
85	168
85	189
86	87
86	88
86	91
86	92
86	93
86	94
86	125
86	132
86	159
86	161
86	165
87	89
87	92
87	93
87	94
87	103
87	118
87	119
87	121
87	123
87	125
87	139
87	146
87	149
87	152
87	157
87	159
87	162
87	165
87	168
87	170
87	175
87	183
87	184
88	89
88	90
88	91
88	92
88	93
88	94
88	95
88	98
88	99
88	106
88	107
88	108
88	109
88	111
88	117
88	121
88	122
88	123
88	124
88	125
88	126
88	130
88	132
88	133
88	135
88	136
88	137
88	138
88	139
88	140
88	141
88	142
88	143
88	144
88	145
88	146
88	147
88	148
88	149
88	150
88	151
88	152
88	153
88	154
88	155
88	156
88	157
88	158
88	159
88	160
88	163
88	165
88	166
88	167
88	168
88	169
88	170
88	171
88	172
88	173
88	176
88	178
88	180
88	182
88	183
88	187
88	188
88	189
88	190
88	199
88	203
88	204
89	90
89	91
89	92
89	93
89	94
89	135
89	136
89	137
89	138
89	139
89	140
89	141
89	142
89	143
89	144
89	145
89	146
89	147
89	148
89	149
89	150
89	151
89	153
89	155
89	157
89	159
89	160
89	162
89	163
89	164
90	91
90	92
90	93
90	94
90	97
90	98
90	103
90	104
90	112
90	115
90	117
90	119
90	120
90	121
90	124
90	125
90	126
90	127
90	128
90	129
90	130
90	131
90	132
90	133
90	134
90	135
90	136
90	137
90	138
90	139
90	140
90	141
90	142
90	143
90	144
90	145
90	146
90	147
90	148
90	149
90	150
90	151
90	152
90	153
90	154
90	156
90	157
90	158
90	159
90	160
90	162
90	163
90	164
90	165
90	166
90	169
90	171
90	173
90	174
90	175
90	176
90	180
90	188
90	189
90	191
90	201
91	92
91	93
91	94
91	129
91	135
91	136
91	137
91	140
91	142
91	143
91	144
91	145
91	147
91	149
91	150
91	159
91	164
91	165
91	192
92	93
92	94
92	126
92	133
92	136
92	139
92	156
93	94
93	104
93	111
93	121
93	130
93	131
93	132
93	133
93	135
93	136
93	137
93	138
93	139
93	140
93	142
93	143
93	144
93	145
93	146
93	147
93	148
93	149
93	150
93	151
93	152
93	153
93	154
93	155
93	156
93	157
93	158
93	159
93	160
93	161
93	162
93	163
93	164
93	165
93	166
93	167
93	168
93	170
93	171
93	172
93	173
93	174
93	175
93	176
93	180
93	182
93	188
93	189
93	190
93	194
94	101
94	105
94	110
94	112
94	115
94	117
94	118
94	119
94	121
94	122
94	125
94	127
94	129
94	132
94	133
94	135
94	136
94	137
94	138
94	139
94	140
94	141
94	142
94	143
94	144
94	145
94	146
94	147
94	148
94	149
94	150
94	151
94	152
94	153
94	154
94	156
94	157
94	158
94	159
94	162
94	163
94	164
94	165
94	166
94	167
94	168
94	169
94	171
94	172
94	177
94	182
94	186
94	187
94	188
94	189
94	190
94	191
94	192
95	96
95	97
95	98
95	99
95	100
95	101
95	102
95	103
95	104
95	105
95	106
95	107
95	108
95	109
95	110
95	111
95	112
95	113
95	114
95	115
95	116
95	117
95	118
95	120
95	122
95	123
95	124
95	128
95	172
95	173
95	174
95	179
95	180
95	182
95	183
95	186
95	197
95	199
95	200
95	201
95	203
96	97
96	98
96	99
96	100
96	101
96	102
96	103
96	104
96	105
96	106
96	107
96	108
96	109
96	110
96	111
96	112
96	113
96	114
96	115
96	116
96	117
96	118
96	119
96	120
96	122
96	123
96	124
96	130
96	131
96	134
96	136
96	137
96	154
96	172
96	175
96	180
96	183
96	185
96	186
96	192
96	194
96	195
96	196
96	197
96	198
96	199
96	200
96	201
96	202
96	203
96	204
97	98
97	99
97	100
97	101
97	102
97	103
97	104
97	105
97	106
97	107
97	108
97	109
97	110
97	111
97	112
97	113
97	114
97	115
97	116
97	117
97	120
97	122
97	125
97	132
97	168
97	170
97	182
97	186
97	191
97	196
97	204
98	99
98	100
98	101
98	102
98	103
98	104
98	105
98	106
98	107
98	108
98	109
98	110
98	113
98	115
98	116
98	117
98	118
98	120
98	122
98	126
98	130
98	132
98	133
98	134
98	172
98	194
98	195
98	196
98	198
98	203
99	100
99	101
99	102
99	103
99	104
99	105
99	106
99	107
99	108
99	109
99	113
99	114
99	115
99	117
99	120
99	122
99	129
99	131
99	134
99	172
99	180
99	181
99	183
99	186
99	198
99	200
99	202
99	203
99	204
100	101
100	102
100	103
100	104
100	105
100	106
100	107
100	108
100	109
100	110
100	111
100	112
100	113
100	114
100	115
100	116
100	117
100	118
100	119
100	120
100	121
100	122
100	123
100	124
100	127
100	129
100	131
100	132
100	135
100	137
100	141
100	149
100	155
100	156
100	167
100	173
100	177
100	179
100	184
100	185
100	186
100	190
100	192
100	194
100	195
100	196
100	197
100	198
100	199
100	200
100	202
100	203
100	204
101	102
101	103
101	104
101	105
101	106
101	107
101	108
101	109
101	110
101	111
101	112
101	113
101	114
101	115
101	116
101	117
101	118
101	119
101	120
101	122
101	123
101	126
101	129
101	131
101	132
101	133
101	134
101	135
101	136
101	140
101	141
101	147
101	149
101	156
101	169
101	170
101	173
101	177
101	178
101	179
101	181
101	182
101	184
101	185
101	186
101	187
101	188
101	193
101	194
101	195
101	196
101	197
101	200
101	201
101	202
101	203
101	204
102	103
102	104
102	105
102	106
102	107
102	108
102	117
102	122
102	125
102	130
102	182
103	104
103	105
103	106
103	107
103	108
103	113
103	114
103	115
103	116
103	117
103	120
103	122
103	193
103	196
104	105
104	106
104	107
104	108
104	109
104	110
104	111
104	112
104	113
104	114
104	115
104	116
104	117
104	118
104	119
104	120
104	121
104	122
104	123
104	124
104	130
104	131
104	132
104	134
104	135
104	141
104	144
104	145
104	149
104	161
104	165
104	167
104	168
104	173
104	174
104	177
104	178
104	180
104	181
104	182
104	185
104	187
104	194
104	195
104	196
104	197
104	198
104	199
104	201
104	202
104	203
104	204
105	106
105	107
105	108
105	109
105	111
105	112
105	113
105	114
105	115
105	116
105	117
105	120
105	121
105	122
105	123
105	124
105	126
105	130
105	131
105	133
105	141
105	186
105	196
105	198
105	203
105	204
106	107
106	108
106	109
106	110
106	111
106	112
106	113
106	114
106	115
106	116
106	117
106	118
106	119
106	120
106	122
106	123
106	124
106	129
106	131
106	134
106	135
106	141
106	169
106	173
106	177
106	179
106	180
106	184
106	191
106	193
106	194
106	195
106	196
106	197
106	199
106	200
106	204
107	108
107	109
107	110
107	111
107	113
107	114
107	115
107	116
107	117
107	120
107	123
107	134
107	175
107	182
107	185
107	196
107	202
108	109
108	110
108	111
108	112
108	113
108	114
108	115
108	116
108	117
108	118
108	119
108	120
108	121
108	122
108	123
108	124
108	126
108	127
108	129
108	130
108	135
108	136
108	139
108	140
108	141
108	142
108	146
108	147
108	151
108	155
108	156
108	161
108	166
108	168
108	169
108	170
108	171
108	172
108	173
108	175
108	177
108	178
108	179
108	182
108	184
108	185
108	186
108	187
108	190
108	192
108	193
108	194
108	195
108	196
108	197
108	198
108	199
108	201
108	202
108	203
108	204
109	110
109	111
109	112
109	113
109	114
109	115
109	116
109	117
109	118
109	119
109	120
109	121
109	122
109	123
109	124
109	125
109	126
109	127
109	128
109	129
109	130
109	131
109	132
109	133
109	134
109	135
109	136
109	138
109	140
109	141
109	142
109	143
109	145
109	146
109	147
109	148
109	149
109	150
109	153
109	155
109	156
109	159
109	160
109	161
109	162
109	166
109	169
109	171
109	172
109	173
109	174
109	175
109	176
109	177
109	178
109	179
109	180
109	182
109	183
109	184
109	185
109	186
109	187
109	188
109	190
109	191
109	192
109	193
109	194
109	195
109	196
109	197
109	198
109	199
109	200
109	201
109	202
109	203
109	204
110	111
110	112
110	113
110	114
110	115
110	116
110	117
110	118
110	119
110	120
110	121
110	122
110	123
110	124
110	126
110	127
110	129
110	130
110	131
110	132
110	134
110	137
110	138
110	140
110	141
110	144
110	146
110	147
110	150
110	151
110	157
110	167
110	171
110	172
110	174
110	177
110	178
110	182
110	186
110	191
110	192
110	193
110	194
110	195
110	196
110	197
110	198
110	199
110	200
110	201
110	202
110	203
111	112
111	113
111	114
111	115
111	116
111	117
111	118
111	119
111	120
111	121
111	122
111	123
111	124
111	126
111	127
111	129
111	131
111	132
111	133
111	134
111	135
111	136
111	137
111	138
111	140
111	141
111	142
111	144
111	149
111	150
111	158
111	162
111	168
111	169
111	170
111	171
111	173
111	174
111	175
111	177
111	178
111	179
111	180
111	183
111	184
111	185
111	186
111	187
111	190
111	192
111	193
111	194
111	195
111	196
111	197
111	198
111	199
111	200
111	201
111	202
111	203
112	113
112	114
112	115
112	116
112	117
112	118
112	119
112	120
112	121
112	122
112	123
112	125
112	127
112	129
112	130
112	132
112	133
112	134
112	135
112	136
112	138
112	140
112	141
112	144
112	145
112	149
112	150
112	157
112	158
112	162
112	163
112	164
112	169
112	178
112	182
112	185
112	193
112	195
112	196
112	197
112	198
112	200
112	201
112	202
112	203
113	114
113	115
113	116
113	117
113	118
113	119
113	120
113	121
113	122
113	123
113	125
113	126
113	127
113	129
113	130
113	131
113	132
113	133
113	134
113	135
113	140
113	141
113	142
113	143
113	144
113	148
113	149
113	155
113	158
113	167
113	168
113	169
113	170
113	174
113	175
113	177
113	178
113	179
113	183
113	188
113	189
113	192
113	193
113	194
113	195
113	196
113	197
113	198
113	199
113	200
113	201
113	202
113	203
113	204
114	115
114	116
114	117
114	118
114	119
114	120
114	121
114	122
114	123
114	127
114	131
114	132
114	133
114	143
114	192
114	193
114	194
114	196
115	116
115	117
115	118
115	119
115	120
115	121
115	122
115	123
115	125
115	127
115	129
115	130
115	131
115	132
115	133
115	134
115	135
115	137
115	140
115	141
115	142
115	144
115	146
115	147
115	149
115	154
115	155
115	156
115	160
115	161
115	166
115	168
115	169
115	170
115	173
115	174
115	175
115	176
115	177
115	178
115	179
115	180
115	181
115	182
115	183
115	184
115	185
115	186
115	187
115	190
115	191
115	193
115	194
115	195
115	196
115	197
115	198
115	199
115	200
115	201
115	202
115	203
115	204
116	117
116	118
116	119
116	120
116	121
116	122
116	123
116	125
116	126
116	127
116	129
116	131
116	132
116	137
116	140
116	141
116	142
116	143
116	144
116	147
116	155
116	161
116	162
116	169
116	170
116	173
116	174
116	177
116	184
116	188
116	193
116	194
116	195
116	196
116	197
116	198
116	200
116	201
116	202
117	118
117	119
117	120
117	121
117	122
117	123
117	125
117	132
117	133
117	144
117	169
117	170
117	176
117	177
117	181
117	185
117	193
117	195
117	197
117	203
118	119
118	120
118	121
118	122
118	123
118	124
118	125
118	126
118	127
118	129
118	130
118	132
118	133
118	134
118	136
118	138
118	140
118	141
118	144
118	148
118	149
118	150
118	151
118	162
118	163
118	164
118	169
118	172
118	173
118	177
118	178
118	183
118	184
118	189
118	190
118	193
118	194
118	195
118	196
118	197
118	198
118	199
118	201
118	202
118	203
119	120
119	121
119	122
119	123
119	124
119	126
119	127
119	129
119	130
119	131
119	132
119	133
119	134
119	135
119	136
119	137
119	138
119	139
119	140
119	141
119	142
119	143
119	144
119	145
119	146
119	147
119	148
119	149
119	150
119	151
119	152
119	153
119	154
119	155
119	157
119	158
119	159
119	160
119	161
119	162
119	163
119	164
119	165
119	166
119	167
119	168
119	169
119	170
119	171
119	173
119	176
119	177
119	178
119	179
119	180
119	182
119	183
119	185
119	186
119	187
119	189
119	190
119	191
119	192
119	193
119	194
119	195
119	196
119	197
119	198
119	199
119	200
119	201
119	202
119	203
119	204
120	121
120	122
120	123
120	124
120	125
120	126
120	127
120	129
120	130
120	131
120	132
120	133
120	134
120	135
120	136
120	140
120	141
120	142
120	144
120	148
120	149
120	150
120	151
120	152
120	153
120	154
120	157
120	158
120	159
120	160
120	162
120	163
120	164
120	166
120	169
120	171
120	173
120	174
120	175
120	176
120	177
120	178
120	179
120	180
120	182
120	184
120	185
120	186
120	187
120	188
120	190
120	191
120	193
120	194
120	195
120	196
120	197
120	198
120	199
120	200
120	201
120	202
120	203
120	204
121	122
121	123
121	124
121	125
121	126
121	128
121	129
121	130
121	131
121	132
121	134
121	135
121	136
121	137
121	138
121	140
121	141
121	143
121	144
121	148
121	149
121	150
121	151
121	152
121	153
121	154
121	155
121	156
121	157
121	158
121	159
121	160
121	161
121	162
121	163
121	164
121	165
121	166
121	167
121	171
121	173
121	175
121	185
121	194
121	195
121	196
121	197
121	198
121	199
121	202
121	204
122	123
122	124
122	125
122	126
122	127
122	129
122	130
122	132
122	133
122	134
122	135
122	136
122	137
122	138
122	140
122	141
122	143
122	144
122	145
122	146
122	147
122	148
122	149
122	150
122	151
122	152
122	153
122	154
122	155
122	156
122	157
122	158
122	159
122	160
122	161
122	162
122	163
122	164
122	165
122	166
122	167
122	168
122	170
122	171
122	172
122	173
122	184
122	185
122	187
122	190
122	193
122	194
122	195
122	196
122	197
122	198
122	199
122	200
122	201
122	202
122	203
122	204
123	124
123	125
123	126
123	127
123	129
123	130
123	131
123	132
123	133
123	134
123	135
123	136
123	137
123	138
123	140
123	141
123	142
123	143
123	144
123	145
123	146
123	147
123	148
123	149
123	150
123	151
123	152
123	153
123	154
123	155
123	156
123	157
123	158
123	159
123	160
123	161
123	162
123	163
123	164
123	165
123	166
123	167
123	168
123	170
123	171
123	172
123	173
123	175
123	176
123	178
123	179
123	181
123	184
123	186
123	187
123	189
123	191
123	193
123	194
123	195
123	196
123	197
123	198
123	199
123	200
123	201
123	202
123	203
124	125
124	126
124	127
124	128
124	129
124	130
124	131
124	132
124	133
124	134
124	136
124	137
124	140
125	127
125	128
125	130
125	131
125	132
125	133
125	134
126	127
126	129
126	130
126	131
126	132
126	133
126	134
126	198
127	128
127	129
127	130
127	131
127	132
127	133
127	134
127	140
127	141
127	175
128	130
128	132
128	133
128	134
129	130
129	131
129	132
129	133
129	134
130	131
130	132
130	133
130	134
131	132
131	133
131	134
131	140
131	141
131	143
132	133
132	134
133	134
133	136
133	140
133	144
133	149
133	163
133	164
133	198
135	136
135	137
135	138
135	139
135	140
135	141
135	142
135	143
135	144
135	145
135	146
135	147
135	148
135	149
135	150
135	151
135	152
135	153
135	154
135	155
135	156
135	157
135	158
135	159
135	160
135	161
135	162
135	163
135	164
135	165
135	166
135	167
135	168
135	169
135	170
135	171
135	172
135	173
135	176
135	178
135	180
135	181
135	183
135	184
135	185
135	187
135	188
135	189
135	190
135	191
135	192
135	193
135	194
135	195
135	197
135	200
135	201
135	203
136	137
136	138
136	139
136	140
136	141
136	142
136	143
136	144
136	145
136	146
136	147
136	148
136	149
136	150
136	151
136	152
136	153
136	154
136	156
136	157
136	158
136	159
136	160
136	162
136	163
136	164
136	165
136	166
136	167
136	169
136	170
136	176
136	180
136	182
136	187
136	189
136	197
137	138
137	139
137	140
137	141
137	142
137	143
137	144
137	145
137	146
137	147
137	148
137	149
137	150
137	151
137	153
137	154
137	156
137	157
137	158
137	159
137	161
137	162
137	163
137	164
137	167
137	168
137	169
137	170
137	175
137	182
137	187
137	188
137	189
138	139
138	140
138	141
138	142
138	143
138	144
138	145
138	146
138	147
138	148
138	149
138	150
138	151
138	152
138	153
138	154
138	155
138	156
138	157
138	158
138	159
138	160
138	161
138	162
138	163
138	164
138	165
138	166
138	167
138	168
138	169
138	170
138	171
138	172
138	175
138	176
138	177
138	181
138	183
138	187
138	188
138	189
138	190
138	191
138	192
139	140
139	141
139	142
139	143
139	144
139	145
139	146
139	147
139	148
139	149
139	150
139	151
139	152
139	153
139	154
139	155
139	156
139	157
139	158
139	159
139	160
139	161
139	162
139	163
139	164
139	165
139	166
139	167
139	168
139	169
139	170
139	171
139	172
139	174
139	176
139	184
139	185
139	187
139	188
139	189
139	190
139	191
139	192
139	198
139	202
140	141
140	142
140	143
140	144
140	145
140	146
140	147
140	148
140	149
140	150
140	151
140	153
140	154
140	155
140	156
140	157
140	158
140	159
140	161
140	162
140	163
140	164
140	165
140	166
140	167
140	168
140	169
140	170
140	171
140	172
140	180
140	181
140	183
140	184
140	187
140	189
140	190
140	191
140	192
140	204
141	142
141	143
141	144
141	145
141	146
141	147
141	148
141	149
141	150
141	151
141	152
141	153
141	154
141	155
141	156
141	157
141	158
141	159
141	160
141	161
141	162
141	163
141	164
141	165
141	166
141	167
141	168
141	169
141	170
141	171
141	172
141	176
141	181
141	183
141	184
141	185
141	187
141	188
141	189
141	190
141	191
141	192
141	200
141	204
142	143
142	144
142	145
142	146
142	147
142	148
142	149
142	150
142	151
142	152
142	153
142	154
142	157
142	158
142	159
142	160
142	161
142	162
142	163
142	164
142	165
142	188
143	144
143	145
143	146
143	147
143	148
143	149
143	150
143	151
143	153
143	154
143	155
143	156
143	157
143	158
143	159
143	160
143	161
143	162
143	163
143	164
143	165
143	166
143	167
143	168
143	170
143	171
143	172
143	175
143	179
143	185
143	187
143	190
143	193
144	145
144	146
144	147
144	148
144	149
144	150
144	151
144	152
144	153
144	154
144	155
144	156
144	157
144	158
144	159
144	160
144	161
144	162
144	163
144	164
144	165
144	166
144	167
144	168
144	169
144	170
144	183
144	187
145	146
145	147
145	148
145	149
145	150
145	151
145	152
145	153
145	154
145	155
145	156
145	157
145	158
145	159
145	160
145	161
145	162
145	163
145	164
145	165
145	166
145	167
145	168
145	170
145	171
145	172
145	187
145	188
145	189
145	190
145	191
146	147
146	148
146	149
146	150
146	151
146	152
146	153
146	154
146	155
146	156
146	157
146	158
146	159
146	160
146	161
146	162
146	163
146	164
146	165
146	166
146	167
146	168
146	169
146	170
146	171
146	174
146	182
146	183
146	184
146	185
146	187
146	188
146	189
146	190
146	191
146	192
146	198
147	148
147	149
147	150
147	151
147	152
147	153
147	154
147	155
147	156
147	157
147	158
147	159
147	160
147	161
147	162
147	163
147	164
147	165
147	166
147	167
147	169
147	170
147	171
147	172
147	174
147	175
147	176
147	187
147	188
147	189
147	190
147	191
147	192
147	201
148	149
148	150
148	151
148	152
148	153
148	154
148	155
148	156
148	157
148	158
148	159
148	160
148	161
148	162
148	163
148	164
148	165
148	166
148	167
148	168
148	169
148	170
148	171
148	172
148	173
148	174
148	175
148	176
148	177
148	178
148	179
148	180
148	181
148	182
148	183
148	184
148	185
148	186
148	187
148	188
148	189
148	190
148	191
148	192
148	193
148	194
148	195
148	196
148	197
148	198
148	199
148	201
148	202
148	203
148	204
149	150
149	151
149	152
149	153
149	154
149	155
149	156
149	157
149	158
149	159
149	160
149	161
149	162
149	163
149	164
149	165
149	167
149	183
150	151
150	152
150	153
150	154
150	155
150	156
150	157
150	158
150	159
150	160
150	161
150	162
150	163
150	164
150	165
150	166
150	167
150	168
150	169
150	170
150	171
150	172
150	173
150	174
150	175
150	176
150	177
150	178
150	179
150	180
150	181
150	182
150	183
150	184
150	185
150	186
150	187
150	188
150	189
150	190
150	191
150	192
150	193
150	194
150	195
150	196
150	197
150	198
150	199
150	200
150	201
150	202
150	204
151	152
151	153
151	154
151	155
151	156
151	157
151	158
151	159
151	160
151	161
151	162
151	163
151	164
151	165
151	166
151	167
151	168
151	169
151	170
151	171
151	174
151	181
151	183
151	189
151	195
152	153
152	154
152	155
152	156
152	157
152	158
152	159
152	160
152	161
152	162
152	163
152	164
152	165
152	166
152	167
152	171
152	172
152	176
152	183
152	184
152	185
152	186
152	189
152	202
153	154
153	155
153	156
153	157
153	158
153	159
153	160
153	161
153	162
153	163
153	164
153	165
153	166
153	167
153	168
153	169
153	170
153	171
153	172
153	173
153	174
153	176
153	177
153	178
153	180
153	181
153	182
153	183
153	184
153	185
153	186
153	187
153	188
153	189
153	190
153	191
153	192
153	197
153	204
154	155
154	156
154	157
154	158
154	159
154	160
154	161
154	162
154	163
154	164
154	165
154	166
154	167
154	168
154	169
154	170
154	172
154	174
154	176
154	181
154	184
154	189
155	156
155	157
155	158
155	159
155	160
155	161
155	162
155	163
155	164
155	165
155	166
155	167
155	168
155	169
155	170
155	171
155	172
155	173
155	183
155	187
155	188
155	189
155	190
155	191
156	157
156	158
156	159
156	160
156	161
156	162
156	163
156	164
156	165
156	166
156	167
156	168
156	169
156	170
156	171
156	172
156	174
156	183
156	190
156	191
156	192
157	158
157	159
157	160
157	161
157	162
157	163
157	164
157	165
157	166
157	167
157	169
157	170
157	176
157	183
157	192
158	159
158	160
158	161
158	162
158	163
158	164
158	165
158	166
158	167
158	168
158	170
158	174
158	175
158	176
158	177
158	178
158	179
158	180
158	181
158	183
158	184
158	185
158	187
158	188
158	189
158	191
158	192
158	193
158	201
159	160
159	161
159	162
159	163
159	164
159	165
159	168
159	171
160	161
160	162
160	163
160	164
160	165
160	171
160	172
161	162
161	163
161	164
161	165
161	166
161	167
161	168
161	169
161	170
161	171
161	172
162	163
162	164
162	165
162	166
162	167
162	168
162	170
162	171
162	172
162	180
163	164
163	165
163	166
163	167
163	168
163	169
163	170
163	171
163	172
163	173
163	174
163	176
163	177
163	178
163	179
163	180
163	181
163	182
163	183
163	184
163	185
163	186
163	187
163	188
163	189
163	190
163	191
163	193
163	194
163	195
163	196
163	197
163	198
163	201
164	165
164	166
164	167
164	168
164	169
164	170
164	171
164	172
164	174
164	176
164	179
164	180
164	181
164	183
164	184
164	186
164	189
165	166
165	167
165	170
165	171
165	172
165	175
165	185
166	167
166	168
166	169
166	170
166	171
166	172
166	173
166	174
166	175
166	176
166	180
166	181
166	182
166	185
166	186
166	187
166	188
166	189
166	190
166	191
166	192
166	203
167	168
167	169
167	170
167	171
167	172
167	173
167	176
167	177
167	178
167	179
167	180
167	181
167	182
167	183
167	184
167	185
167	186
167	187
167	188
167	189
167	190
167	191
167	192
168	169
168	170
168	171
168	172
168	176
168	181
168	184
168	186
168	187
168	189
169	170
169	172
169	175
169	192
170	171
170	188
170	191
170	192
171	172
171	174
171	185
171	186
171	187
171	203
172	173
172	176
172	177
172	178
172	182
172	183
172	185
172	187
172	189
172	199
172	202
172	203
172	204
173	174
173	175
173	176
173	177
173	178
173	179
173	180
173	181
173	182
173	183
173	184
173	185
173	186
173	187
173	188
173	189
173	190
173	191
173	192
173	193
173	194
173	195
173	196
173	197
173	198
173	199
173	200
173	201
173	202
173	203
173	204
174	175
174	176
174	177
174	178
174	179
174	180
174	181
174	182
174	183
174	184
174	185
174	186
174	187
174	188
174	189
174	190
174	191
174	192
174	194
174	195
174	196
174	197
174	198
175	176
175	177
175	178
175	179
175	180
175	181
175	182
175	183
175	184
175	185
175	186
175	188
175	190
175	191
175	192
175	197
176	177
176	178
176	179
176	180
176	181
176	182
176	183
176	184
176	185
176	186
176	187
176	188
176	189
176	190
176	191
176	192
176	194
176	195
176	196
176	197
176	198
176	201
177	178
177	179
177	180
177	181
177	182
177	183
177	184
177	185
177	186
177	187
177	188
177	189
177	190
177	191
177	192
177	194
177	196
177	197
177	198
177	199
177	200
177	201
178	179
178	180
178	181
178	182
178	183
178	184
178	185
178	186
178	187
178	188
178	189
178	190
178	191
178	192
178	193
178	194
178	195
178	196
178	197
178	198
178	199
178	200
178	201
178	202
178	203
179	180
179	181
179	182
179	183
179	184
179	185
179	186
179	188
179	189
179	190
179	191
179	192
179	193
179	194
179	195
179	196
179	197
179	198
179	199
179	200
179	201
179	202
179	203
179	204
180	181
180	182
180	183
180	184
180	185
180	186
180	187
180	188
180	189
180	190
180	192
180	194
180	195
180	196
180	197
180	198
180	199
180	201
180	202
181	182
181	183
181	184
181	185
181	186
181	187
181	188
181	189
181	190
181	191
181	192
181	193
181	194
181	195
181	196
181	197
181	198
181	202
182	183
182	184
182	185
182	186
182	187
182	188
182	189
182	190
182	191
182	192
182	193
182	194
182	196
182	197
182	198
182	201
182	202
183	184
183	185
183	186
183	187
183	188
183	189
183	190
183	191
183	192
183	193
183	194
183	195
183	196
183	197
183	198
183	199
183	200
183	201
183	202
183	203
184	185
184	186
184	187
184	188
184	189
184	190
184	191
184	192
184	194
184	195
184	196
184	197
184	198
184	201
185	186
185	187
185	188
185	189
185	190
185	191
185	192
185	193
185	194
185	195
185	196
185	197
185	198
185	199
185	201
186	187
186	188
186	189
186	190
186	192
186	193
186	194
186	195
186	196
186	197
186	198
186	199
186	201
186	203
187	188
187	189
187	190
187	191
187	192
187	194
187	196
187	198
188	189
188	190
188	191
188	192
188	198
189	190
189	191
189	192
189	193
189	194
189	195
189	198
189	201
190	191
190	192
190	194
190	195
190	197
190	198
190	199
190	200
190	203
191	192
191	193
191	197
191	198
191	200
193	194
193	195
193	196
193	197
193	198
194	195
194	196
194	197
194	198
194	199
194	200
194	201
194	202
194	203
194	204
195	196
195	197
195	198
195	199
195	200
195	201
195	202
195	203
195	204
196	197
196	198
196	199
196	200
196	201
196	202
196	203
196	204
197	198
197	199
197	200
197	201
197	202
197	203
198	199
198	200
198	201
198	202
198	203
199	200
199	201
199	202
199	203
199	204
200	201
200	202
200	203
200	204
201	202
201	203
201	204
202	203
202	204
203	204
